Summary of : modules/cloudsim-examples/src/main/java/org/cloudbus/cloudsim/experiments/workloads/azure-5.csv worklaod
=========== CONTAINER OUTPUT ==========
Container ID	VM ID	Start Time	Finish Time	Number of Requests Served
		1		1		3.02		24.18		5
		2		2		3.02		32.2		1
		3		3		3.02		26.05		2
		4		4		3.02		16.91		3
		5		5		3.02		17.05		3
		6		6		3.02		17.37		3
		7		7		3.03		13.89		1
		8		8		3.03		13.1		1
		9		9		3.03		13.9		1
		10		10		3.03		16.09		2
		11		11		3.04		13.45		1
		12		12		3.05		24.98		4
		13		13		3.06		13.71		1
		14		14		3.08		14.08		1
		15		15		3.08		26.6		1
		16		16		3.1		26.62		1
		17		17		3.15		13.92		1
		18		18		3.19		14.66		1
		19		19		3.56		15.03		1
		20		20		3.95		14.81		1
		21		21		3.96		14.82		1
		22		22		3.97		15.44		1
		23		23		3.98		27.5		1
		24		24		4.19		14.96		1
		25		25		4.2		15.25		1
		26		26		4.5		15.72		1
		27		27		4.62		15.67		1
		28		28		5		28.52		1
		29		29		5.13		16.13		1
		30		30		5.13		28.65		1
		31		31		5.34		16.2		1
		32		32		5.4		16.07		1
		33		1		5.52		17.16		2
		34		2		5.89		57.66		1
		35		3		6.1		30.95		1
		36		4		7.41		18.14		1
		37		5		37.56		92.56		2
		38		6		43.81		62.73		2
		39		7		43.93		95.7		1
		40		8		43.94		54.99		1
		41		9		43.94		67.46		1
		42		10		43.98		54.78		1
		43		11		43.98		55.45		1
		44		12		43.98		54.72		1
		45		13		43.98		54.66		1
		46		14		43.98		167.46		1
		47		15		43.98		54.98		1
		48		16		43.99		54.73		1
		49		17		43.99		54.76		1
		50		18		43.99		54.76		1
		51		19		43.99		55.39		1
		52		20		43.99		55.46		1
		53		21		44.01		54.26		1
		54		22		53.51		79.95		3
		55		23		54.72		70.72		1
		56		24		56.62		81.47		1
		57		25		64.82		76.32		1
		58		26		71.76		82.5		1
		59		27		87.24		138.47		9
		60		28		95.46		107.78		1
		61		29		103.39		137.71		2
		62		30		116.26		137.47		4
		63		31		118.46		145.89		2
		64		32		124.63		176.4		1
		65		1		126.23		149.31		2
		66		2		126.64		148.52		1
		67		3		127.12		257.43		22
		68		4		127.41		162.4		3
		69		5		127.69		139.8		1
		70		6		128.23		138.75		1
		71		7		128.76		140.23		1
		72		8		129.06		139.35		1
		73		9		129.28		139.95		1
		74		10		129.34		140.11		1
		75		11		142.68		158.84		2
		76		12		143.37		176.93		2
		77		13		144.02		155.02		1
		78		14		151.11		161.22		1
		79		15		153.31		164.76		1
		80		16		159.19		169.85		1
		81		17		163.43		180.83		2
		82		18		169.19		192.02		4
		83		19		173.07		187.67		1
		84		20		173.41		185.52		1
		85		21		183.02		218.68		2
		86		22		189.45		201.31		1
		87		23		190.47		200.78		1
		88		24		192.27		202.56		1
		89		25		204.47		215.87		1
		90		26		207.73		223.2		3
		91		27		207.94		218.8		1
		92		28		207.99		218.76		1
		93		29		209.18		220.04		1
		94		30		222.86		234.43		1
		95		31		222.99		238.47		2
		96		32		224.08		235.3		1
		97		1		230.78		263.96		10
		98		2		230.83		256.9		5
		99		3		232.8		243.8		1
		100		4		232.81		243.81		1
		101		5		236.9		360.37		1
		102		6		242.99		258.5		1
		103		7		244.51		266.39		1
		104		8		244.72		260.72		1
		105		9		246.59		258.45		1
		106		10		247.06		276.08		3
		107		11		247.56		258.61		1
		108		12		247.58		258.58		1
		109		13		247.79		258.45		1
		110		14		248.45		273.3		1
		111		15		248.85		259.53		1
		112		16		267.84		281.38		2
		113		17		268.81		312.47		5
		114		18		277.02		296.67		1
		115		19		282.39		311.57		1
		116		20		283.28		294.28		1
		117		21		286.34		308.22		1
		118		22		299.58		311.15		1
		119		23		303.02		313.44		1
		120		24		303.02		376.72		11
		121		25		303.02		325		2
		122		26		303.04		314.38		1
		123		27		303.04		313.78		1
		124		28		303.04		314.04		1
		125		29		314.2		345.41		3
		126		30		327.68		348.34		2
		127		31		327.74		349.01		2
		128		32		338.96		349.22		1
		129		1		363.02		1827.56		48
		130		2		363.03		1694.82		77
		131		3		365.1		376.5		1
		132		4		365.77		536.83		38
		133		5		365.99		376.73		1
		134		6		366.19		376.86		1
		135		7		366.59		564.04		34
		136		8		366.8		377.54		1
		137		9		367.01		379.47		1
		138		10		367.46		378.93		1
		139		11		367.9		560.55		14
		140		12		368.11		379.45		2
		141		13		368.3		378.97		1
		142		14		368.5		379.84		1
		143		15		369.96		380.96		1
		144		16		371.26		531.59		19
		145		17		375.94		391.96		2
		146		18		383.7		449.1		11
		147		19		384.27		472.91		12
		148		20		384.27		451.38		9
		149		21		385.13		473.26		22
		150		22		385.63		448.55		11
		151		23		385.74		448.91		14
		152		24		386.37		457.1		8
		153		25		386.37		412		3
		154		26		387.15		398.72		1
		155		27		388.77		425.15		5
		156		28		388.86		425.31		3
		157		29		389.51		399.73		1
		158		30		389.64		399.8		1
		159		31		389.64		471.53		12
		160		32		390.22		404.06		1
		161		1		390.32		1853.7		84
		162		2		390.36		404.71		1
		163		3		390.53		1293.43		136
		164		4		390.7		535.06		36
		165		5		390.7		537.98		20
		166		6		390.85		404.57		1
		167		7		390.85		531.18		42
		168		8		391.49		402.01		1
		169		9		391.55		402.55		1
		170		10		391.55		436.92		6
		171		11		391.82		473.64		24
		172		12		392.01		476.33		10
		173		13		392.01		520.03		35
		174		14		392.15		508.39		20
		175		15		392.15		448.91		12
		176		16		392.21		451.29		7
		177		17		392.46		520.37		22
		178		18		393.3		404.3		1
		179		19		393.97		426.14		4
		180		20		394.1		507.59		1
		181		21		397.35		413.47		3
		182		22		398.37		432.63		4
		183		23		398.37		408.82		1
		184		24		399.46		508.66		17
		185		25		399.46		428.5		3
		186		26		399.79		446.3		4
		187		27		400.12		414.72		1
		188		28		401.05		411.79		1
		189		29		401.08		411.94		1
		190		30		401.08		412.13		1
		191		31		401.2		412.06		1
		192		32		401.2		411.98		1
		193		1		401.44		1836.54		48
		194		2		401.44		1828.71		80
		195		3		401.49		1294.69		147
		196		4		401.49		670.86		59
		197		5		401.52		531.46		46
		198		6		401.91		673.37		62
		199		7		401.92		541.91		1
		200		8		401.92		490.78		16
		201		9		401.96		532.72		32
		202		10		401.97		520.37		25
		203		11		402.05		472.44		20
		204		12		402.1		415.73		1
		205		13		402.1		473.49		17
		206		14		402.12		472.98		18
		207		15		402.19		520.43		24
		208		16		402.19		422.57		3
		209		17		402.44		511.72		6
		210		18		402.64		520.54		21
		211		19		402.65		510.33		8
		212		20		402.65		420.61		1
		213		21		402.67		474.16		9
		214		22		402.67		430.42		3
		215		23		402.7		521.2		15
		216		24		402.72		446.46		6
		217		25		402.73		535.79		2
		218		26		403		474.96		10
		219		27		403.01		413.78		1
		220		28		403.03		526.7		11
		221		29		403.03		413.81		1
		222		30		403.1		414.1		1
		223		31		403.7		423.49		2
		224		32		414.3		427.04		1
		225		1		414.45		426.77		1
		226		2		414.45		557.82		17
		227		3		414.7		682.76		11
		228		4		414.7		1666.19		20
		229		5		414.87		1248.05		61
		230		6		416.12		435.96		2
		231		7		417.23		427.75		1
		232		8		418.04		428.23		1
		233		9		418.51		519.98		25
		234		10		418.52		472.88		13
		235		11		418.52		508.19		19
		236		12		418.57		520.82		17
		237		13		418.77		473.49		13
		238		14		418.77		532.88		16
		239		15		419.58		490.15		16
		240		16		420.84		432.24		1
		241		17		424.52		476.44		6
		242		18		430		469.06		5
		243		19		433.35		473.1		5
		244		20		433.61		508.79		9
		245		21		435.4		457.72		1
		246		22		437.25		516.37		11
		247		23		437.27		449.38		1
		248		24		437.42		448.19		1
		249		25		437.42		448.47		1
		250		26		437.42		448.1		1
		251		27		437.42		448.1		1
		252		28		437.42		448.89		1
		253		29		437.43		448.43		1
		254		30		437.44		516.21		5
		255		31		437.44		448.49		1
		256		32		437.46		448.46		1
		257		1		437.46		451.86		2
		258		2		437.46		1812.67		197
		259		3		437.46		670.74		53
		260		4		437.46		1254.85		122
		261		5		437.54		538.02		16
		262		6		437.67		531.79		22
		263		7		437.71		533.2		27
		264		8		437.71		520.06		18
		265		9		437.72		477.95		7
		266		10		437.72		520		16
		267		11		437.72		472.5		10
		268		12		437.72		473.08		6
		269		13		437.74		520.13		11
		270		14		437.75		448.61		1
		271		15		437.91		448.38		1
		272		16		437.99		448.41		1
		273		17		438		473.32		6
		274		18		438.02		448.76		1
		275		19		438.02		449.49		1
		276		20		438.03		448.77		1
		277		21		438.04		457.28		5
		278		22		438.04		448.22		1
		279		23		438.04		563.3		4
		280		24		438.04		448.82		1
		281		25		438.04		448.72		1
		282		26		438.04		449.1		1
		283		27		438.05		448.46		1
		284		28		438.05		448.52		1
		285		29		438.05		448.83		1
		286		30		438.06		449.06		1
		287		31		438.06		449.11		1
		288		32		438.06		455.15		4
		289		1		438.08		1813.64		96
		290		2		438.08		1812.72		201
		291		3		438.08		1309.45		105
		292		4		438.08		533.88		29
		293		5		438.08		531.9		23
		294		6		438.1		667.61		45
		295		7		438.1		667.18		50
		296		8		438.36		537.44		22
		297		9		438.38		556.59		13
		298		10		438.66		458.58		2
		299		11		438.88		707.02		8
		300		12		438.89		538.93		4
		301		13		439.03		471.8		4
		302		14		439.05		519.85		5
		303		15		439.27		569.54		3
		304		16		439.3		451.76		1
		305		17		440		513.89		9
		306		18		440.32		515.08		4
		307		19		441.99		510.68		9
		308		20		442.74		485.77		5
		309		21		442.78		472.17		5
		310		22		442.83		474.06		3
		311		23		442.84		517.55		5
		312		24		442.85		457.3		3
		313		25		442.85		520.89		3
		314		26		443.46		458.88		3
		315		27		443.52		458.09		2
		316		28		444.94		479.44		2
		317		29		445.08		455.99		1
		318		30		445.49		455.78		1
		319		31		445.5		474.68		1
		320		32		445.57		456.24		1
		321		1		445.67		1812.08		83
		322		2		445.74		1407.84		55
		323		3		445.74		1315.47		34
		324		4		445.86		564.47		9
		325		5		445.86		535.02		4
		326		6		446.02		672.26		37
		327		7		446.02		646.43		24
		328		8		446.66		568.42		3
		329		9		447.68		1060.39		16
		330		10		447.73		515.48		9
		331		11		447.73		458.3		1
		332		12		447.73		807.9		7
		333		13		448.36		536.04		19
		334		14		448.39		519.9		11
		335		15		448.4		519.71		7
		336		16		448.77		521.6		13
		337		17		448.79		473.52		2
		338		18		448.9		523.1		6
		339		19		452.11		473.49		2
		340		20		453.02		467.37		1
		341		21		453.97		469.97		1
		342		22		454.58		465.1		1
		343		23		454.97		470.32		1
		344		24		455.18		466.59		1
		345		25		456.58		467.1		1
		346		26		456.9		479.04		2
		347		27		457.05		486.1		3
		348		28		457.74		468.18		1
		349		29		458.05		479.5		1
		350		30		458.66		469.66		1
		351		31		458.84		469.33		1
		352		32		458.87		482.39		1
		353		1		458.87		1852.82		101
		354		2		458.99		1303.93		91
		355		3		459		1307.53		92
		356		4		459.08		470.15		1
		357		5		461.5		520.01		10
		358		6		461.56		532.9		17
		359		7		461.56		520.02		15
		360		8		461.56		519.89		11
		361		9		461.58		472.35		1
		362		10		461.72		492.86		3
		363		11		461.72		473.2		1
		364		12		461.73		472.47		1
		365		13		461.73		473.27		1
		366		14		461.73		508.4		11
		367		15		461.73		472.41		1
		368		16		461.73		472.51		1
		369		17		461.73		472.57		1
		370		18		461.73		472.73		1
		371		19		461.73		472.73		1
		372		20		461.74		473.21		1
		373		21		461.75		472.61		1
		374		22		461.75		472.62		1
		375		23		461.75		473.22		1
		376		24		461.75		473.22		1
		377		25		461.79		472.53		1
		378		26		461.79		472.53		1
		379		27		462.01		472.79		1
		380		28		462.2		474.91		2
		381		29		462.2		473.2		1
		382		30		462.2		487.05		1
		383		31		462.22		472.76		2
		384		32		462.65		476.1		2
		385		1		463.37		1859.68		128
		386		2		464.26		1816.09		166
		387		3		464.28		1296.23		110
		388		4		464.28		1255.19		127
		389		5		464.28		531.99		11
		390		6		464.28		532.07		21
		391		7		464.3		519.98		14
		392		8		464.3		519.69		8
		393		9		464.3		519.94		9
		394		10		464.31		533.05		8
		395		11		464.31		532.86		6
		396		12		464.31		475.09		1
		397		13		464.33		475.52		1
		398		14		464.33		475.4		1
		399		15		464.33		475.38		1
		400		16		464.33		475.39		1
		401		17		464.33		520.54		7
		402		18		464.34		475.11		1
		403		19		464.34		475.39		1
		404		20		465.47		706.02		7
		405		21		465.55		477.53		1
		406		22		466.28		622.48		8
		407		23		466.65		498.03		2
		408		24		475.38		507.48		4
		409		25		475.63		486.63		1
		410		26		476.18		490.42		2
		411		27		476.64		487.48		1
		412		28		477.47		498.92		4
		413		29		477.99		488.99		1
		414		30		478.97		520.47		3
		415		31		478.97		490.84		1
		416		32		478.97		494.32		1
		417		1		478.99		1296.86		40
		418		2		479.17		1265.07		52
		419		3		479.23		1255.8		59
		420		4		479.3		520.6		6
		421		5		479.44		511.21		5
		422		6		480.02		511.79		5
		423		7		480.8		507.96		4
		424		8		480.8		492.56		1
		425		9		480.93		851.03		11
		426		10		481.31		758		18
		427		11		482.49		507.02		3
		428		12		488.53		513.14		2
		429		13		489.43		551.92		11
		430		14		489.43		520.27		3
		431		15		489.44		521.48		5
		432		16		489.61		508.59		5
		433		17		489.62		518.88		2
		434		18		489.62		507.77		3
		435		19		489.62		508.38		5
		436		20		489.72		513.24		1
		437		21		489.72		513.24		1
		438		22		489.72		520.38		4
		439		23		489.72		516.98		2
		440		24		489.73		503.73		1
		441		25		489.74		508.74		5
		442		26		489.74		622.84		3
		443		27		489.74		508.37		5
		444		28		489.74		521.22		4
		445		29		489.74		509.27		4
		446		30		489.75		508.82		4
		447		31		489.76		509.29		4
		448		32		489.76		507.89		3
		449		1		489.77		1825.69		111
		450		2		490.35		510.76		2
		451		3		493.71		510.31		2
		452		4		493.75		564.66		4
		453		5		495.45		507.52		1
		454		6		495.46		561.43		5
		455		7		495.5		531.55		5
		456		8		495.5		556.68		5
		457		9		495.5		525.69		4
		458		10		495.5		509.08		3
		459		11		495.5		508.36		3
		460		12		495.51		520.54		2
		461		13		495.51		520.25		2
		462		14		495.51		550.24		3
		463		15		495.51		508.38		3
		464		16		495.51		508.33		3
		465		17		495.51		508.42		3
		466		18		495.51		509.12		3
		467		19		495.51		519.03		1
		468		20		495.51		525.9		2
		469		21		495.52		508.33		2
		470		22		495.52		508.38		3
		471		23		495.52		519.04		1
		472		24		495.52		508.4		3
		473		25		495.52		507.93		2
		474		26		495.52		508.62		3
		475		27		495.53		520.41		2
		476		28		495.53		508.66		3
		477		29		495.53		519.05		1
		478		30		495.53		508.5		3
		479		31		495.53		519.05		1
		480		32		495.53		547.31		1
		481		1		495.53		1831.99		101
		482		2		495.67		539.83		8
		483		3		495.67		1295.04		106
		484		4		495.68		535.44		1
		485		5		495.71		534.16		3
		486		6		495.73		507.38		3
		487		7		497.23		671.19		26
		488		8		498.33		509.19		1
		489		9		498.68		514.03		1
		490		10		498.74		560.56		3
		491		11		498.76		681.34		8
		492		12		498.87		554.16		3
		493		13		498.9		553.82		2
		494		14		498.9		551.51		1
		495		15		499		510.04		1
		496		16		499.02		510.59		1
		497		17		499.02		510.92		1
		498		18		499.03		523.89		1
		499		19		499.03		510.43		1
		500		20		499.03		509.34		1
		501		21		499.03		510.03		1
		502		22		499.03		522.55		1
		503		23		499.05		510.62		1
		504		24		499.19		510.66		1
		505		25		499.19		509.97		1
		506		26		499.2		509.94		1
		507		27		499.2		509.94		1
		508		28		499.2		509.98		1
		509		29		499.2		509.88		1
		510		30		499.2		509.88		1
		511		31		499.21		509.5		1
		512		32		499.21		510.26		1
		513		1		499.22		1839.46		99
		514		2		499.22		1316.09		35
		515		3		499.22		1296.61		69
		516		4		499.22		531.67		10
		517		5		499.24		538.04		4
		518		6		499.24		1075.71		20
		519		7		499.34		843.59		23
		520		8		499.34		519.99		3
		521		9		499.34		673.99		10
		522		10		499.35		523.54		1
		523		11		499.35		522.87		1
		524		12		499.35		522.87		1
		525		13		499.35		551.13		1
		526		14		499.36		510.1		1
		527		15		499.54		516.37		3
		528		16		499.55		510.01		1
		529		17		499.57		564.33		6
		530		18		499.57		521.51		2
		531		19		499.59		623.09		1
		532		20		499.77		551.54		1
		533		21		499.77		551.55		1
		534		22		499.8		510.16		1
		535		23		499.8		511.25		1
		536		24		499.82		511.73		1
		537		25		499.83		510.49		1
		538		26		499.88		551.65		1
		539		27		499.88		511.35		1
		540		28		499.88		510.66		1
		541		29		500.32		552.09		1
		542		30		510.39		522.85		1
		543		31		510.45		521.79		1
		544		32		510.51		520.93		1
		545		1		511.4		679.36		23
		546		2		513.59		533.97		2
		547		3		515.05		532.04		1
		548		4		518.68		1248.59		8
		549		5		519.19		530.64		1
		550		6		519.34		530.44		1
		551		7		520.8		533.75		1
		552		8		520.8		530.88		1
		553		9		520.82		552.2		2
		554		10		521.48		532.48		1
		555		11		521.78		773.73		7
		556		12		522.39		533.39		1
		557		13		523.04		533.69		1
		558		14		523.6		533.82		1
		559		15		526.06		537.8		1
		560		16		526.18		537.99		2
		561		17		527.18		541.78		1
		562		18		527.71		539.16		1
		563		19		528.59		539		1
		564		20		529.34		543.69		1
		565		21		529.83		539.94		1
		566		22		530.15		540.26		1
		567		23		531.36		545.71		1
		568		24		544.22		587.98		10
		569		25		544.22		566.22		4
		570		26		544.25		569.38		2
		571		27		544.41		657.94		1
		572		28		544.61		555.02		1
		573		29		544.65		570.19		3
		574		30		544.65		566.19		4
		575		31		544.74		563.98		2
		576		32		544.78		565.81		2
		577		1		544.78		1814.16		115
		578		2		544.82		1376.81		67
		579		3		544.87		641.15		9
		580		4		544.99		708.3		43
		581		5		544.99		1061.41		65
		582		6		545		1127.97		85
		583		7		545		668.5		27
		584		8		545.09		564.74		1
		585		9		545.11		557.57		1
		586		10		545.15		667.51		34
		587		11		545.31		643.82		32
		588		12		546.58		569.5		3
		589		13		546.58		557.8		1
		590		14		546.95		590.99		3
		591		15		546.97		563.69		2
		592		16		548.04		562.86		2
		593		17		553.15		586.17		2
		594		18		553.86		568.46		1
		595		19		554.52		587.74		2
		596		20		557.04		567.11		1
		597		21		561.22		645.21		8
		598		22		561.47		571.91		1
		599		23		561.58		585.54		2
		600		24		564.35		585.8		2
		601		25		565.4		588.88		3
		602		26		565.66		576.88		1
		603		27		567.04		590.83		7
		604		28		568.62		590.5		1
		605		29		571.91		586.19		2
		606		30		572.13		587.48		1
		607		31		572.15		582.88		1
		608		32		572.18		587.69		1
		609		1		572.3		1862.38		17
		610		2		572.3		1333.28		17
		611		3		572.3		1311.08		13
		612		4		573		1081.8		31
		613		5		573.26		640.27		11
		614		6		573.29		685.35		9
		615		7		573.47		686.44		13
		616		8		573.48		672.82		16
		617		9		573.51		603.42		2
		618		10		573.61		584.85		2
		619		11		573.76		670.14		10
		620		12		573.76		646.04		14
		621		13		573.76		643.29		6
		622		14		573.84		680.11		15
		623		15		573.89		668.07		13
		624		16		573.89		674.71		4
		625		17		573.9		699.74		5
		626		18		573.9		641.79		11
		627		19		573.92		644.67		8
		628		20		573.94		608.27		10
		629		21		573.95		587.85		4
		630		22		573.95		587.92		2
		631		23		574.01		670.52		11
		632		24		574.01		587.35		3
		633		25		574.03		662.82		10
		634		26		574.03		608.32		7
		635		27		574.03		608.29		8
		636		28		574.07		649.99		6
		637		29		574.08		586.23		1
		638		30		574.08		642.39		9
		639		31		574.09		587.1		3
		640		32		574.09		587.39		3
		641		1		574.09		1814.39		82
		642		2		574.09		1299.55		61
		643		3		574.1		672.36		17
		644		4		574.11		1076.11		48
		645		5		574.11		707.93		28
		646		6		574.11		669.47		18
		647		7		574.12		1004.78		83
		648		8		574.14		643.55		13
		649		9		574.15		671.43		34
		650		10		574.15		589.77		3
		651		11		574.22		670.95		21
		652		12		574.22		643.9		11
		653		13		574.22		643.74		17
		654		14		574.26		642.4		12
		655		15		574.26		642.23		12
		656		16		574.28		687.51		10
		657		17		574.28		588.31		4
		658		18		574.33		587.19		3
		659		19		574.33		608.26		9
		660		20		574.34		605.92		5
		661		21		574.34		608.52		8
		662		22		574.34		621.82		4
		663		23		574.36		622.07		9
		664		24		574.36		642.43		7
		665		25		574.37		623.16		8
		666		26		574.37		587.3		3
		667		27		574.39		587.09		3
		668		28		574.4		585.37		2
		669		29		574.4		662.57		5
		670		30		574.4		586.47		2
		671		31		574.48		586.34		1
		672		32		574.5		589.95		2
		673		1		574.5		1819.12		30
		674		2		574.5		600.78		3
		675		3		574.51		678.92		17
		676		4		574.53		1298.15		43
		677		5		574.6		1309.46		11
		678		6		574.72		1102.58		85
		679		7		574.73		667.35		18
		680		8		574.73		844.12		23
		681		9		574.73		611.21		4
		682		10		574.74		818.37		6
		683		11		575.14		895.61		66
		684		12		576.04		684.77		17
		685		13		576.18		667.45		13
		686		14		576.18		663.7		10
		687		15		576.18		587.24		1
		688		16		576.19		587.66		1
		689		17		576.19		587.66		1
		690		18		576.19		587.25		1
		691		19		576.32		587.32		1
		692		20		576.34		587.11		1
		693		21		576.37		608.16		7
		694		22		576.38		587.38		1
		695		23		576.4		587.45		1
		696		24		576.44		587.31		1
		697		25		576.48		587.15		1
		698		26		576.48		587.48		1
		699		27		576.52		594.13		3
		700		28		576.52		587.3		1
		701		29		576.54		587.31		1
		702		30		576.71		588.86		1
		703		31		576.87		700.4		1
		704		32		576.87		591.48		1
		705		1		576.93		1319.37		43
		706		2		576.93		1311.76		99
		707		3		577.01		1295.46		75
		708		4		577.02		707.61		24
		709		5		577.02		667.02		26
		710		6		577.06		708.02		15
		711		7		577.06		667.87		11
		712		8		577.6		1273.05		20
		713		9		577.63		644.25		22
		714		10		577.63		644.46		18
		715		11		577.66		587.77		1
		716		12		577.67		667.12		15
		717		13		577.75		587.86		1
		718		14		578.41		692.39		1
		719		15		578.42		642.12		16
		720		16		578.42		680.13		21
		721		17		579.95		608.68		3
		722		18		580.85		607.75		4
		723		19		581.68		706.77		2
		724		20		582.72		696.26		1
		725		21		584.59		698.13		1
		726		22		584.59		595.59		1
		727		23		584.68		602.05		2
		728		24		585.78		699.32		1
		729		25		585.97		709.51		1
		730		26		588.04		714.37		9
		731		27		588.59		702.13		1
		732		28		589.34		622.85		5
		733		29		589.38		602.12		1
		734		30		589.44		715		2
		735		31		589.48		604.26		2
		736		32		590.66		661.87		9
		737		1		590.85		668.46		8
		738		2		590.86		1386.04		36
		739		3		590.86		672.01		12
		740		4		590.86		1137.94		92
		741		5		590.86		669.4		19
		742		6		590.91		604.31		1
		743		7		591.64		603.08		1
		744		8		592.14		602.75		1
		745		9		592.28		606.61		2
		746		10		592.48		602.64		1
		747		11		592.48		643.83		4
		748		12		592.48		645.01		11
		749		13		592.51		644.62		14
		750		14		593.38		623.23		6
		751		15		593.44		680.12		12
		752		16		593.45		661.96		11
		753		17		593.45		642.41		12
		754		18		593.46		641.78		13
		755		19		593.49		671.46		8
		756		20		593.74		615.65		2
		757		21		593.84		603.95		1
		758		22		593.89		622.32		5
		759		23		593.93		655.14		7
		760		24		594.05		607.01		2
		761		25		594.06		645.36		4
		762		26		594.1		649.35		6
		763		27		594.12		621.45		4
		764		28		594.56		605.4		1
		765		29		594.57		623.08		3
		766		30		594.73		606.86		1
		767		31		594.81		607.79		3
		768		32		596.03		645.73		4
		769		1		596.18		1254.05		45
		770		2		597.13		642.59		8
		771		3		597.56		1314.97		95
		772		4		597.56		1255.11		92
		773		5		597.61		708.6		19
		774		6		597.61		709.5		9
		775		7		597.61		686.66		5
		776		8		597.69		671.62		7
		777		9		597.77		670.9		12
		778		10		597.84		671.43		10
		779		11		597.85		667.53		16
		780		12		597.88		667.87		9
		781		13		597.88		670.59		8
		782		14		597.93		681.95		5
		783		15		597.93		641.97		9
		784		16		597.99		642.3		9
		785		17		598		662.06		11
		786		18		598		642.36		8
		787		19		598.04		608.78		1
		788		20		598.04		609.51		1
		789		21		598.09		608.83		1
		790		22		598.09		609.56		1
		791		23		598.4		662.92		10
		792		24		598.5		622.99		2
		793		25		598.66		609.88		1
		794		26		598.79		621.81		3
		795		27		599.07		610.12		1
		796		28		599.09		610.09		1
		797		29		599.09		609.77		1
		798		30		599.28		621.81		3
		799		31		599.44		610.44		1
		800		32		599.44		610.49		1
		801		1		609.51		648.16		2
		802		2		609.51		709.94		3
		803		3		612.13		625.11		1
		804		4		612.66		676.49		4
		805		5		612.67		666.72		8
		806		6		612.67		674.32		7
		807		7		612.67		627.55		1
		808		8		612.67		743.76		17
		809		9		612.69		677.66		9
		810		10		612.7		668.03		2
		811		11		612.71		677.13		2
		812		12		612.72		676.98		2
		813		13		612.76		629.82		1
		814		14		612.82		676.48		6
		815		15		612.83		669.51		1
		816		16		612.83		642.37		10
		817		17		612.85		664.64		1
		818		18		612.85		642.34		8
		819		19		612.85		641.9		6
		820		20		612.86		641.69		6
		821		21		612.86		662.35		6
		822		22		612.86		641.79		5
		823		23		612.86		642.52		5
		824		24		612.87		623.54		1
		825		25		612.87		663.06		5
		826		26		612.87		642.02		4
		827		27		612.88		642.36		6
		828		28		612.92		623.17		1
		829		29		613		702.78		3
		830		30		613.08		642.87		4
		831		31		613.08		671.59		4
		832		32		613.21		658.02		4
		833		1		613.24		740.01		4
		834		2		613.27		668.78		3
		835		3		613.3		683.68		2
		836		4		613.3		1231.05		47
		837		5		613.32		708.2		19
		838		6		613.33		708.25		11
		839		7		613.33		665.34		7
		840		8		613.33		646.36		2
		841		9		613.42		671.07		4
		842		10		613.77		777.88		15
		843		11		613.77		630.63		1
		844		12		613.77		644.12		5
		845		13		613.78		646.28		3
		846		14		613.8		641.47		5
		847		15		613.8		644.29		4
		848		16		617.04		628		1
		849		17		617.34		628.77		1
		850		18		617.37		627.42		1
		851		19		617.48		640.79		5
		852		20		618.94		634.11		1
		853		21		619.02		634.42		2
		854		22		619.36		642.86		4
		855		23		621.37		640.48		4
		856		24		625.35		748.89		1
		857		25		625.4		750.15		2
		858		26		625.48		664.13		3
		859		27		625.56		681.66		4
		860		28		625.64		755.76		2
		861		29		625.65		642.24		4
		862		30		625.67		659.1		5
		863		31		625.67		640.56		2
		864		32		625.67		647.55		1
		865		1		625.71		1813.26		98
		866		2		625.71		1393.67		77
		867		3		625.71		671.23		11
		868		4		625.72		668.68		11
		869		5		625.74		1136.87		94
		870		6		625.83		689.41		7
		871		7		625.84		669.98		5
		872		8		626.14		671.75		2
		873		9		626.14		1041.33		22
		874		10		626.17		669.36		7
		875		11		626.28		644.57		3
		876		12		626.28		669.57		4
		877		13		626.77		644.28		2
		878		14		627.23		637.51		1
		879		15		628.09		639.34		1
		880		16		628.42		639.42		1
		881		17		629.07		671.57		3
		882		18		629.23		699.77		8
		883		19		629.31		641.72		2
		884		20		629.36		681.55		2
		885		21		629.4		641.99		3
		886		22		629.49		640.15		1
		887		23		629.51		678.7		3
		888		24		629.52		641.8		2
		889		25		629.54		640.54		1
		890		26		629.56		662.37		3
		891		27		629.56		642.05		2
		892		28		629.57		640.87		2
		893		29		629.57		658.89		3
		894		30		629.57		642.34		2
		895		31		629.57		642.53		2
		896		32		629.59		642.48		2
		897		1		629.59		1860.9		106
		898		2		629.59		671.1		3
		899		3		629.59		1315.13		85
		900		4		629.6		684.47		1
		901		5		629.6		667.2		2
		902		6		629.6		707.66		10
		903		7		629.6		1117.55		27
		904		8		629.6		667.61		11
		905		9		629.6		747.8		3
		906		10		629.61		643.86		3
		907		11		629.61		667.28		3
		908		12		629.63		699.49		5
		909		13		630.08		687.69		3
		910		14		630.11		684.57		3
		911		15		630.11		665.95		6
		912		16		630.35		649.7		2
		913		17		630.37		678.93		2
		914		18		630.61		642.57		2
		915		19		630.82		643.05		2
		916		20		630.95		641.61		1
		917		21		631.03		642.26		1
		918		22		631.12		641.79		1
		919		23		631.22		642.22		1
		920		24		631.25		655.16		2
		921		25		631.48		641.79		1
		922		26		631.56		642.56		1
		923		27		631.61		642.28		1
		924		28		631.7		642.38		1
		925		29		631.72		642.46		1
		926		30		631.72		643.22		1
		927		31		631.72		642.15		1
		928		32		631.73		643.88		1
		929		1		631.74		1318.75		55
		930		2		631.78		1380.01		49
		931		3		631.88		671.05		8
		932		4		632.53		648.76		1
		933		5		633.34		645.33		1
		934		6		633.39		673.04		2
		935		7		633.48		672.4		2
		936		8		633.5		667.3		9
		937		9		633.5		644.18		1
		938		10		633.51		644.35		1
		939		11		633.51		644.83		1
		940		12		633.51		645.42		1
		941		13		633.63		645.29		1
		942		14		633.67		645.26		1
		943		15		635.25		754.07		4
		944		16		639.13		649.86		1
		945		17		643.81		880.25		4
		946		18		644.51		676.21		4
		947		19		644.63		1020.04		12
		948		20		647.32		658.32		1
		949		21		647.73		661.36		2
		950		22		647.77		660.51		1
		951		23		648.16		658.42		1
		952		24		649.15		772.68		1
		953		25		649.16		659.61		1
		954		26		650.13		660.87		1
		955		27		652.32		663.32		1
		956		28		653.21		686.44		2
		957		29		654.38		670.67		2
		958		30		654.62		664.81		1
		959		31		654.68		665.1		1
		960		32		654.68		670.69		1
		961		1		655.08		685.01		3
		962		2		665.77		685.62		2
		963		3		665.77		1868.24		11
		964		4		675.71		1012.92		25
		965		5		676.5		687.07		1
		966		6		676.64		704.13		1
		967		7		680.68		699.39		5
		968		8		682.7		696.63		2
		969		9		687.17		703.18		1
		970		10		687.76		699.87		1
		971		11		687.89		707.9		5
		972		12		688.04		765.67		11
		973		13		688.05		707.64		3
		974		14		688.05		707.66		3
		975		15		688.06		699.53		1
		976		16		688.08		699.95		2
		977		17		688.08		699.55		1
		978		18		688.09		700.27		2
		979		19		688.11		700.27		2
		980		20		688.11		699.58		1
		981		21		688.28		743.48		4
		982		22		688.28		700.71		2
		983		23		688.33		755.71		5
		984		24		688.33		700.28		2
		985		25		688.34		699.01		1
		986		26		688.34		756.33		7
		987		27		688.44		699.49		1
		988		28		688.44		735.34		8
		989		29		688.45		699.22		1
		990		30		688.45		699.32		1
		991		31		688.51		712.03		1
		992		32		688.54		700.01		1
		993		1		688.54		1317.84		40
		994		2		688.67		1835.07		143
		995		3		688.67		1294.36		60
		996		4		688.73		703.76		1
		997		5		688.92		998.11		31
		998		6		688.92		997.48		28
		999		7		688.94		710.82		1
		1000		8		689.23		708.25		2
		1001		9		689.47		990.97		67
		1002		10		689.47		744.54		7
		1003		11		689.71		707.84		3
		1004		12		689.73		700.57		1
		1005		13		689.8		707.7		2
		1006		14		689.81		700.58		1
		1007		15		689.81		743.39		3
		1008		16		689.88		700.24		1
		1009		17		689.9		700.64		1
		1010		18		689.9		700.95		1
		1011		19		689.92		700.66		1
		1012		20		689.92		700.6		1
		1013		21		689.95		700.95		1
		1014		22		689.97		709.62		1
		1015		23		690.43		701.09		1
		1016		24		690.46		701.32		1
		1017		25		690.98		710.63		1
		1018		26		691.01		701.44		1
		1019		27		693.72		733.7		5
		1020		28		694.7		734.44		1
		1021		29		695.62		707.02		1
		1022		30		697.03		708.43		1
		1023		31		698.09		718.96		2
		1024		32		698.28		749.94		2
		1025		1		700.65		1017.22		10
		1026		2		708.75		720.52		1
		1027		3		711.36		1326.94		21
		1028		4		711.46		1006.01		30
		1029		5		711.53		1249.31		46
		1030		6		712.57		742.64		6
		1031		7		712.91		736.42		2
		1032		8		713.2		730.24		2
		1033		9		713.82		742.76		6
		1034		10		717.15		736.88		4
		1035		11		717.37		737.42		2
		1036		12		717.38		997.75		21
		1037		13		721.33		764.92		6
		1038		14		721.33		764.31		4
		1039		15		721.52		766.07		4
		1040		16		722.08		736.44		4
		1041		17		722.08		778.82		6
		1042		18		722.13		736.87		5
		1043		19		722.17		778.45		8
		1044		20		722.22		736.94		4
		1045		21		722.6		733.58		1
		1046		22		722.67		734.82		1
		1047		23		722.7		737.59		5
		1048		24		722.7		732.86		1
		1049		25		722.7		735.94		2
		1050		26		722.75		734.2		1
		1051		27		722.85		734.74		2
		1052		28		722.85		734.79		2
		1053		29		722.86		778.43		5
		1054		30		722.86		735.53		2
		1055		31		722.86		734.32		1
		1056		32		723.02		755.54		2
		1057		1		723.02		1256.72		20
		1058		2		723.03		779.75		2
		1059		3		723.08		1294.76		38
		1060		4		723.11		758.81		1
		1061		5		723.11		1101.77		87
		1062		6		723.14		993.36		34
		1063		7		723.14		1127.06		79
		1064		8		723.28		991.82		47
		1065		9		723.28		858.23		26
		1066		10		723.3		743.54		6
		1067		11		723.31		857.4		29
		1068		12		723.31		738.47		4
		1069		13		723.31		737.28		4
		1070		14		723.33		737.19		3
		1071		15		723.33		736.72		3
		1072		16		723.34		738.95		3
		1073		17		723.34		779.1		7
		1074		18		723.5		858.27		16
		1075		19		723.5		736.44		4
		1076		20		723.56		738.79		2
		1077		21		723.58		736.17		2
		1078		22		723.58		736.81		3
		1079		23		723.8		734.8		1
		1080		24		723.81		735.26		1
		1081		25		723.88		735.62		1
		1082		26		723.91		736.79		2
		1083		27		723.91		736.07		1
		1084		28		723.91		735.38		1
		1085		29		723.94		736.09		1
		1086		30		723.94		734.72		1
		1087		31		724.06		735.11		1
		1088		32		724.08		735.55		1
		1089		1		724.12		1856.71		45
		1090		2		724.12		1297.27		60
		1091		3		724.17		1281.69		50
		1092		4		724.2		740.48		2
		1093		5		724.2		1002.32		51
		1094		6		724.36		1000.96		30
		1095		7		724.38		740.17		1
		1096		8		724.39		992.05		50
		1097		9		724.47		857.47		21
		1098		10		724.48		765.08		7
		1099		11		724.48		778.41		10
		1100		12		724.55		737.21		2
		1101		13		724.56		736.66		2
		1102		14		724.56		737.22		3
		1103		15		724.63		780.34		6
		1104		16		724.66		736.44		2
		1105		17		724.72		736.87		2
		1106		18		724.8		736.81		2
		1107		19		724.8		736.68		2
		1108		20		724.92		737.02		2
		1109		21		724.92		735.58		1
		1110		22		724.93		736.4		1
		1111		23		724.93		777.92		3
		1112		24		724.97		736.02		1
		1113		25		725.02		736.59		1
		1114		26		725.21		736.24		1
		1115		27		725.21		736.26		1
		1116		28		725.22		736.08		1
		1117		29		725.22		736.23		2
		1118		30		725.22		735.96		1
		1119		31		725.22		736.28		1
		1120		32		725.25		736.25		1
		1121		1		725.27		1838.01		63
		1122		2		725.44		1401.36		21
		1123		3		725.44		1294.33		14
		1124		4		725.5		776.73		4
		1125		5		725.76		735.91		1
		1126		6		725.78		1142.77		33
		1127		7		725.83		1384.17		11
		1128		8		725.83		1003.23		54
		1129		9		725.98		845.47		3
		1130		10		726.03		737.6		1
		1131		11		726.06		739.21		2
		1132		12		726.08		764.58		5
		1133		13		726.09		765.56		6
		1134		14		726.1		739.95		1
		1135		15		726.1		737.57		1
		1136		16		726.11		736.79		1
		1137		17		726.11		736.89		1
		1138		18		726.11		755.3		1
		1139		19		726.11		739.64		2
		1140		20		726.11		737.13		1
		1141		21		726.12		737.6		1
		1142		22		726.12		737.12		1
		1143		23		726.12		736.79		1
		1144		24		726.12		756.32		2
		1145		25		726.12		737.18		1
		1146		26		726.19		738.03		1
		1147		27		726.23		737.23		1
		1148		28		726.25		737.25		1
		1149		29		726.26		778.05		1
		1150		30		726.26		755.64		2
		1151		31		726.28		737.06		1
		1152		32		726.28		736.53		1
		1153		1		726.28		1840.56		25
		1154		2		726.28		1314.44		49
		1155		3		726.3		1269.71		42
		1156		4		726.3		1137.73		41
		1157		5		726.34		1219.39		46
		1158		6		726.36		995.56		59
		1159		7		726.36		993.62		52
		1160		8		726.36		857.56		27
		1161		9		726.36		743.26		4
		1162		10		726.41		741.2		3
		1163		11		726.42		736.73		1
		1164		12		726.42		737.09		1
		1165		13		726.44		738.75		1
		1166		14		726.44		737.31		1
		1167		15		726.56		736.87		1
		1168		16		726.59		737.25		1
		1169		17		726.59		736.9		1
		1170		18		726.63		737.31		1
		1171		19		726.81		737.1		1
		1172		20		727.05		741.74		1
		1173		21		727.58		779.43		1
		1174		22		727.6		738.6		1
		1175		23		727.62		739.73		1
		1176		24		727.7		739.1		1
		1177		25		727.81		739.38		1
		1178		26		727.95		739.61		1
		1179		27		728		779.88		10
		1180		28		730.24		741.04		1
		1181		29		730.75		744.29		2
		1182		30		731.24		742.04		1
		1183		31		731.49		760.19		2
		1184		32		733.54		744		1
		1185		1		740.41		767.42		1
		1186		2		742.59		1265.14		31
		1187		3		742.7		1256.76		33
		1188		4		742.89		1075.05		26
		1189		5		745.8		756.8		1
		1190		6		746.38		843.67		13
		1191		7		746.42		844.45		2
		1192		8		746.58		757.04		1
		1193		9		746.7		1007.39		21
		1194		10		746.81		760.36		2
		1195		11		746.81		818.34		8
		1196		12		746.81		780.36		2
		1197		13		746.84		766.5		5
		1198		14		746.87		758.21		1
		1199		15		746.92		778.63		4
		1200		16		746.92		765.11		3
		1201		17		748.21		760.32		1
		1202		18		750.34		760.86		1
		1203		19		753.16		764.38		1
		1204		20		761.78		783.23		1
		1205		21		762.36		776.97		1
		1206		22		766.51		778.15		1
		1207		23		766.61		778.01		1
		1208		24		766.81		796.27		4
		1209		25		768.04		794.87		2
		1210		26		768.26		810.7		5
		1211		27		768.46		810.88		3
		1212		28		769.63		789.66		2
		1213		29		769.64		871.62		7
		1214		30		769.65		781.51		1
		1215		31		769.65		780.52		1
		1216		32		769.65		780.71		1
		1217		1		769.66		1847.21		18
		1218		2		769.66		1299.16		46
		1219		3		769.77		1282.22		28
		1220		4		770.01		1222.89		36
		1221		5		770.08		1003.5		40
		1222		6		770.22		1126.92		53
		1223		7		771.37		1071.27		40
		1224		8		771.45		1004.58		27
		1225		9		771.83		811.25		3
		1226		10		775.25		803.52		4
		1227		11		775.85		1117.7		5
		1228		12		775.87		798.63		3
		1229		13		779.94		790.94		1
		1230		14		781.04		815.53		4
		1231		15		781.89		794.82		2
		1232		16		782.05		793.45		1
		1233		17		782.49		802.96		2
		1234		18		782.7		815.88		3
		1235		19		784.08		799.25		1
		1236		20		785.47		849.5		8
		1237		21		785.86		843.91		8
		1238		22		785.87		842.63		10
		1239		23		785.89		809.16		4
		1240		24		785.97		816.73		5
		1241		25		786.36		809.12		4
		1242		26		786.36		816.89		2
		1243		27		786.43		809.47		4
		1244		28		786.53		808.57		4
		1245		29		786.78		816.9		2
		1246		30		786.78		805.53		3
		1247		31		786.94		812.57		3
		1248		32		786.94		798.79		2
		1249		1		787.06		868.24		9
		1250		2		788.44		1866.81		7
		1251		3		788.45		806.51		1
		1252		4		793.3		1131.4		1
		1253		5		794.25		820.81		4
		1254		6		795.38		1126.93		66
		1255		7		795.38		1071.81		53
		1256		8		795.39		990.9		32
		1257		9		795.39		858.24		8
		1258		10		795.4		857.7		17
		1259		11		795.4		843.01		8
		1260		12		795.4		842.86		8
		1261		13		795.41		857.4		9
		1262		14		795.42		857.47		11
		1263		15		795.48		842.74		15
		1264		16		795.48		857.5		9
		1265		17		795.78		811.58		3
		1266		18		796.03		807.03		1
		1267		19		796.7		834.4		4
		1268		20		796.75		843.69		5
		1269		21		796.75		818.92		3
		1270		22		796.76		842.58		7
		1271		23		796.76		809.44		2
		1272		24		796.76		842.87		6
		1273		25		796.76		809.2		2
		1274		26		796.76		809.25		2
		1275		27		796.77		842.69		5
		1276		28		796.78		830.39		2
		1277		29		796.78		861.78		5
		1278		30		796.78		808.25		1
		1279		31		797		816.65		1
		1280		32		801.39		817.66		3
		1281		1		802.33		1003.38		12
		1282		2		803.37		1048.42		20
		1283		3		803.54		842.6		1
		1284		4		804.22		815.26		1
		1285		5		804.67		843.72		5
		1286		6		807.63		818.49		1
		1287		7		809.33		819.91		1
		1288		8		809.81		832.31		3
		1289		9		810.2		857.12		4
		1290		10		810.21		1050.84		4
		1291		11		810.21		1052.65		3
		1292		12		810.28		820.5		1
		1293		13		813.03		843.99		2
		1294		14		815.67		842.54		3
		1295		15		817.1		882.68		6
		1296		16		817.11		837.97		2
		1297		17		817.16		872.18		3
		1298		18		817.5		855.39		2
		1299		19		817.69		848.95		5
		1300		20		817.69		846.88		1
		1301		21		818.07		871.61		3
		1302		22		818.08		830.4		2
		1303		23		818.16		849.01		2
		1304		24		818.98		848.17		1
		1305		25		820.16		831.38		1
		1306		26		820.62		914.28		12
		1307		27		821.05		846.97		2
		1308		28		821.23		890.81		6
		1309		29		821.36		842.82		1
		1310		30		821.37		839.74		2
		1311		31		821.4		843.28		1
		1312		32		821.76		843.64		1
		1313		1		821.79		1395.79		25
		1314		2		821.79		848.76		1
		1315		3		821.8		1294.45		26
		1316		4		821.83		1308.02		21
		1317		5		821.83		1209.2		32
		1318		6		821.87		1019.83		31
		1319		7		821.87		1016.28		22
		1320		8		821.9		858.77		6
		1321		9		821.9		858.24		6
		1322		10		821.94		1088.04		10
		1323		11		823.02		936.58		1
		1324		12		824.13		835.17		1
		1325		13		824.37		855.95		3
		1326		14		828.54		842.54		1
		1327		15		828.67		841.95		2
		1328		16		829.65		842.71		3
		1329		17		829.67		881.2		7
		1330		18		829.76		842.74		3
		1331		19		829.8		858.27		3
		1332		20		829.84		890.09		8
		1333		21		829.98		844.07		2
		1334		22		829.98		885.84		8
		1335		23		830		844.26		4
		1336		24		830.94		846.45		1
		1337		25		831		842.47		2
		1338		26		831.36		841.77		1
		1339		27		831.9		842.7		1
		1340		28		831.96		871.7		1
		1341		29		832.31		846.92		1
		1342		30		832.37		848.37		1
		1343		31		834.01		845.01		1
		1344		32		834.24		844.98		1
		1345		1		834.25		1840.03		72
		1346		2		834.29		1293.94		51
		1347		3		834.29		1294.88		21
		1348		4		834.3		1137.12		32
		1349		5		834.41		1127.83		54
		1350		6		834.76		856.37		2
		1351		7		834.85		845.72		1
		1352		8		840.42		973.26		19
		1353		9		842.27		874.81		7
		1354		10		844.32		862.09		2
		1355		11		845.39		855.5		1
		1356		12		848.72		873.04		2
		1357		13		848.74		859.47		1
		1358		14		855.22		956.63		14
		1359		15		858.36		1113.29		4
		1360		16		858.6		881.71		3
		1361		17		858.74		869.03		1
		1362		18		858.95		869.26		1
		1363		19		860.42		951.35		14
		1364		20		860.64		1202.83		3
		1365		21		860.79		891.21		4
		1366		22		860.84		871.03		1
		1367		23		860.89		888.04		2
		1368		24		861.03		893.46		3
		1369		25		861.03		976.33		2
		1370		26		861.41		880.52		2
		1371		27		861.77		872.84		1
		1372		28		862.7		912.42		6
		1373		29		862.71		873.13		1
		1374		30		862.74		873.15		1
		1375		31		863.29		879.13		3
		1376		32		864.83		889.52		2
		1377		1		865.72		1015.2		5
		1378		2		865.74		883.95		2
		1379		3		865.74		1258.86		38
		1380		4		869.15		1136		30
		1381		5		869.16		1003.35		13
		1382		6		869.23		998		19
		1383		7		869.63		1071.57		39
		1384		8		869.65		991.64		15
		1385		9		869.75		985.78		30
		1386		10		869.87		895.79		5
		1387		11		870.23		922.51		7
		1388		12		870.31		927.37		11
		1389		13		870.31		930.52		10
		1390		14		870.31		882.33		2
		1391		15		870.32		880.84		1
		1392		16		870.32		882.75		2
		1393		17		870.56		881.56		1
		1394		18		870.88		881.74		1
		1395		19		873.31		888.82		1
		1396		20		879.69		892.14		2
		1397		21		880.66		910.86		2
		1398		22		881.13		917.69		5
		1399		23		881.28		893.02		1
		1400		24		881.48		950.77		9
		1401		25		881.48		921.51		4
		1402		26		881.72		892.7		1
		1403		27		886.76		911.98		6
		1404		28		886.88		927.09		6
		1405		29		887.08		911.35		5
		1406		30		887.08		918.05		2
		1407		31		887.78		963.33		10
		1408		32		889.69		950.01		4
		1409		1		890.34		904.04		1
		1410		2		891.59		1118.14		10
		1411		3		893.67		919.47		1
		1412		4		893.7		970.51		4
		1413		5		893.79		1308.93		5
		1414		6		893.82		913.59		3
		1415		7		893.95		1125.98		22
		1416		8		893.95		1062.64		4
		1417		9		894.76		1126.15		18
		1418		10		894.8		934.54		1
		1419		11		895.41		936.85		10
		1420		12		895.48		972.68		7
		1421		13		895.48		928.33		9
		1422		14		897.14		928.22		2
		1423		15		897.29		1020.86		1
		1424		16		897.43		929.39		2
		1425		17		897.6		944.94		6
		1426		18		897.78		1000.39		10
		1427		19		898.08		939.11		3
		1428		20		898.41		920.36		5
		1429		21		898.45		927.45		2
		1430		22		898.45		940.48		2
		1431		23		898.49		914.5		1
		1432		24		898.66		1047.75		6
		1433		25		898.7		927.08		5
		1434		26		898.74		914.75		1
		1435		27		898.74		933.37		4
		1436		28		898.82		928.01		1
		1437		29		898.86		927.29		3
		1438		30		898.91		911.47		2
		1439		31		898.91		912.27		3
		1440		32		898.94		962.21		3
		1441		1		899.46		1820.16		49
		1442		2		899.58		950.79		4
		1443		3		899.59		1261.67		23
		1444		4		899.59		1264.28		39
		1445		5		899.6		1004.33		10
		1446		6		899.67		1141.86		19
		1447		7		899.68		993.93		19
		1448		8		899.69		1012.15		10
		1449		9		899.69		986.78		21
		1450		10		899.78		927.23		9
		1451		11		899.83		927.14		8
		1452		12		899.84		927.38		5
		1453		13		899.84		927.98		6
		1454		14		899.9		911.24		1
		1455		15		899.9		914.33		4
		1456		16		900.14		912.85		3
		1457		17		900.17		912.12		2
		1458		18		900.69		911.73		1
		1459		19		900.8		920.45		1
		1460		20		900.81		922.88		2
		1461		21		900.81		912.82		2
		1462		22		900.83		910.99		1
		1463		23		900.85		913.58		2
		1464		24		900.94		922.52		2
		1465		25		901.06		911.93		1
		1466		26		901.27		916.62		1
		1467		27		901.41		927.18		2
		1468		28		901.77		912.13		1
		1469		29		901.82		1032.37		3
		1470		30		902.07		927.18		2
		1471		31		902.07		912.75		1
		1472		32		902.14		912.82		1
		1473		1		902.19		1317.35		19
		1474		2		902.2		1312.33		49
		1475		3		902.2		1260.83		40
		1476		4		902.21		1137.81		28
		1477		5		902.21		994.08		8
		1478		6		902.26		995.17		14
		1479		7		902.28		1481.8		21
		1480		8		902.29		948.36		7
		1481		9		902.3		949.91		10
		1482		10		902.3		927.83		5
		1483		11		902.31		927.45		2
		1484		12		902.31		927.25		4
		1485		13		902.42		915.7		2
		1486		14		902.44		913.12		1
		1487		15		902.44		913.44		1
		1488		16		902.48		913.53		1
		1489		17		902.48		913.22		1
		1490		18		902.92		954.29		10
		1491		19		903.02		918.74		2
		1492		20		903.02		918.97		2
		1493		21		903.04		924.92		1
		1494		22		903.04		914.54		1
		1495		23		903.11		935.64		7
		1496		24		903.17		914.62		1
		1497		25		903.18		1020.04		2
		1498		26		903.3		914.08		1
		1499		27		903.3		915.17		1
		1500		28		903.89		914.69		1
		1501		29		904		917.67		2
		1502		30		904.04		1027.6		1
		1503		31		904.25		915.59		1
		1504		32		904.4		915.31		1
		1505		1		904.77		1862.39		16
		1506		2		904.77		1402.24		11
		1507		3		905.16		917.49		1
		1508		4		905.59		1230.65		19
		1509		5		905.61		1008.12		7
		1510		6		905.77		996.83		4
		1511		7		906.08		1061.68		13
		1512		8		906.19		1011.95		3
		1513		9		906.19		1004.07		13
		1514		10		906.43		1108.65		16
		1515		11		906.57		989.92		9
		1516		12		906.9		919.22		1
		1517		13		906.9		989.5		5
		1518		14		907.17		968.18		3
		1519		15		907.19		968.18		2
		1520		16		907.2		927.45		2
		1521		17		918.36		928.47		1
		1522		18		918.46		929.24		1
		1523		19		919.82		930.08		1
		1524		20		919.89		932.63		1
		1525		21		924.49		972.5		6
		1526		22		925.51		935.93		1
		1527		23		926.75		950.07		2
		1528		24		926.84		989.3		9
		1529		25		927.25		937.72		1
		1530		26		927.25		990.76		5
		1531		27		930.99		951.26		2
		1532		28		931.3		945.3		1
		1533		29		932.85		954.61		5
		1534		30		933.86		944.86		1
		1535		31		934.2		950.29		2
		1536		32		934.24		950.43		2
		1537		1		934.26		1853.89		56
		1538		2		934.26		1293.85		34
		1539		3		934.26		1295.38		38
		1540		4		934.27		1137.87		16
		1541		5		934.27		993.13		17
		1542		6		934.27		993.83		13
		1543		7		934.33		991.93		10
		1544		8		934.33		990.81		5
		1545		9		934.61		986.78		5
		1546		10		934.63		968.56		4
		1547		11		934.63		985.72		4
		1548		12		934.63		950.02		2
		1549		13		934.63		968.01		3
		1550		14		934.63		950.02		2
		1551		15		934.67		950.09		2
		1552		16		934.71		950.14		2
		1553		17		934.74		950.23		2
		1554		18		934.83		968.77		4
		1555		19		934.86		950.04		2
		1556		20		939.06		990.86		1
		1557		21		939.37		968.24		7
		1558		22		939.74		986.99		7
		1559		23		939.99		969.18		1
		1560		24		940.04		954.64		1
		1561		25		940.04		955.39		1
		1562		26		940.34		965.2		1
		1563		27		940.55		950.87		1
		1564		28		940.82		951.82		1
		1565		29		941.08		952.82		1
		1566		30		941.32		952.82		1
		1567		31		941.32		952.78		1
		1568		32		941.33		951.52		1
		1569		1		941.34		1871.56		18
		1570		2		941.34		1073.66		5
		1571		3		941.36		1074.28		7
		1572		4		941.36		1143.54		16
		1573		5		941.42		1239.29		10
		1574		6		941.43		1117.19		5
		1575		7		941.43		990.24		3
		1576		8		941.43		990.81		8
		1577		9		941.44		990.11		6
		1578		10		941.45		969.27		4
		1579		11		941.45		1054.37		17
		1580		12		941.45		954.87		2
		1581		13		941.45		999.11		3
		1582		14		941.47		1000.84		2
		1583		15		941.47		973.97		2
		1584		16		941.47		969.82		2
		1585		17		941.48		952.16		1
		1586		18		941.48		952.35		1
		1587		19		941.5		968.78		3
		1588		20		941.5		952.97		1
		1589		21		941.51		952.29		1
		1590		22		941.51		952.19		1
		1591		23		941.55		952.01		1
		1592		24		941.57		1008.34		4
		1593		25		941.69		953.14		1
		1594		26		941.73		954.47		1
		1595		27		941.73		953.47		1
		1596		28		941.98		1055.55		1
		1597		29		941.98		970.04		2
		1598		30		942.26		952.78		1
		1599		31		942.34		953.56		1
		1600		32		942.43		963.25		2
		1601		1		943.42		1903.85		2
		1602		2		948.82		1120.78		6
		1603		3		951.69		964.33		1
		1604		4		952.51		1011.34		4
		1605		5		954.78		965.34		1
		1606		6		958.93		974.34		2
		1607		7		959.42		1002.15		1
		1608		8		959.58		990.81		4
		1609		9		959.58		970.53		1
		1610		10		959.59		970.26		1
		1611		11		959.59		970.33		1
		1612		12		959.61		970.06		1
		1613		13		959.64		970.64		1
		1614		14		959.64		970.51		1
		1615		15		959.65		970.43		1
		1616		16		959.65		970.1		1
		1617		17		959.66		970.34		1
		1618		18		959.66		971.13		1
		1619		19		959.66		970.44		1
		1620		20		959.66		970.34		1
		1621		21		959.73		970.17		1
		1622		22		959.8		983.33		1
		1623		23		959.89		970.57		1
		1624		24		959.9		970.36		1
		1625		25		959.91		970.91		1
		1626		26		959.93		971.15		1
		1627		27		959.93		971.4		1
		1628		28		959.95		970.63		1
		1629		29		959.95		971.42		1
		1630		30		959.95		970.4		1
		1631		31		959.95		970.63		1
		1632		32		961.44		971.96		2
		1633		1		964.56		978.24		1
		1634		2		965.54		979.82		1
		1635		3		968.55		983.25		1
		1636		4		971.27		984.03		1
		1637		5		973.97		1005.8		1
		1638		6		975.06		1004.7		2
		1639		7		975.06		1003.98		2
		1640		8		976.24		1023.32		3
		1641		9		976.24		1002.17		2
		1642		10		976.4		1020.56		3
		1643		11		976.8		999.49		2
		1644		12		976.89		987.41		1
		1645		13		976.89		990.9		2
		1646		14		976.93		989.59		2
		1647		15		976.94		988.57		1
		1648		16		976.94		1051.73		5
		1649		17		977.01		1008.52		2
		1650		18		978.03		1004.18		3
		1651		19		978.3		990.34		2
		1652		20		978.3		1003.16		1
		1653		21		978.54		1030.33		1
		1654		22		978.67		990.24		1
		1655		23		979.38		1004.24		1
		1656		24		979.38		989.67		1
		1657		25		980.46		995.07		1
		1658		26		981.35		991.64		1
		1659		27		981.98		998.34		2
		1660		28		982.07		998.08		1
		1661		29		983.65		998.82		1
		1662		30		985.3		1108.85		1
		1663		31		985.33		1113.42		2
		1664		32		985.6		1242.69		6
		1665		1		990.12		1024.03		2
		1666		2		992.7		1004.59		1
		1667		3		999.12		1020.35		1
		1668		4		1004.89		1016.33		1
		1669		5		1006.49		1017.27		1
		1670		6		1006.53		1016.9		1
		1671		7		1008.01		1018.7		1
		1672		8		1008.27		1019.74		1
		1673		9		1008.64		1019.64		1
		1674		10		1008.71		1019.71		1
		1675		11		1008.71		1019.76		1
		1676		12		1008.73		1072.22		15
		1677		13		1009.93		1035.2		3
		1678		14		1011.01		1021.5		1
		1679		15		1011.61		1069.62		7
		1680		16		1018.88		1032.88		1
		1681		17		1019.32		1049.3		3
		1682		18		1020.35		1054.52		3
		1683		19		1021.86		1069.06		9
		1684		20		1021.86		1069.81		6
		1685		21		1021.99		1067.21		7
		1686		22		1022.72		1042.81		3
		1687		23		1022.85		1067.91		3
		1688		24		1022.86		1061.06		3
		1689		25		1023.87		1052.31		4
		1690		26		1024.22		1034.66		1
		1691		27		1024.28		1034.44		1
		1692		28		1024.32		1053.12		3
		1693		29		1024.46		1052.21		4
		1694		30		1024.46		1052.94		2
		1695		31		1024.48		1052.25		4
		1696		32		1024.58		1052.63		4
		1697		1		1024.59		1299.23		20
		1698		2		1024.65		1309.39		19
		1699		3		1024.86		1137.84		6
		1700		4		1024.95		1253.8		13
		1701		5		1025.48		1035.61		1
		1702		6		1032.05		1043.6		1
		1703		7		1032.76		1043.02		1
		1704		8		1032.84		1106.01		9
		1705		9		1032.84		1071.66		5
		1706		10		1032.94		1071.54		5
		1707		11		1032.94		1043.41		1
		1708		12		1033.04		1045.15		1
		1709		13		1033.14		1045.6		1
		1710		14		1034.32		1052.28		1
		1711		15		1034.8		1062		3
		1712		16		1035.17		1070.94		3
		1713		17		1035.17		1127.44		8
		1714		18		1035.18		1069.73		6
		1715		19		1035.28		1069.39		5
		1716		20		1035.47		1106.76		2
		1717		21		1035.63		1052.89		2
		1718		22		1035.8		1052.07		2
		1719		23		1035.8		1052.14		2
		1720		24		1037.49		1049.13		1
		1721		25		1038.31		1068.31		2
		1722		26		1038.35		1048.87		1
		1723		27		1039.5		1057.46		1
		1724		28		1039.89		1079.63		1
		1725		29		1043.38		1055.12		1
		1726		30		1043.38		1055.25		1
		1727		31		1043.38		1055.54		1
		1728		32		1043.39		1055.55		1
		1729		1		1043.43		1296.52		12
		1730		2		1043.44		1298.05		15
		1731		3		1043.47		1076.37		2
		1732		4		1043.47		1078.7		3
		1733		5		1043.58		1079.47		5
		1734		6		1043.63		1100.47		15
		1735		7		1047.73		1089.55		1
		1736		8		1051.28		1063.94		1
		1737		9		1052.79		1129.8		17
		1738		10		1054.36		1065.09		1
		1739		11		1057.9		1069.35		1
		1740		12		1058.4		1073.85		3
		1741		13		1058.42		1098.16		7
		1742		14		1058.43		1079.15		2
		1743		15		1058.48		1110.27		1
		1744		16		1059.51		1072.69		1
		1745		17		1062.43		1073.43		1
		1746		18		1062.58		1120.81		4
		1747		19		1062.64		1104.4		4
		1748		20		1062.73		1078.16		2
		1749		21		1063.19		1104.02		3
		1750		22		1063.25		1080.14		2
		1751		23		1063.25		1102.46		2
		1752		24		1064.34		1080.35		1
		1753		25		1065.08		1105.84		4
		1754		26		1065.22		1075.47		1
		1755		27		1066.9		1077.74		1
		1756		28		1067.59		1087.72		2
		1757		29		1071.18		1081.4		1
		1758		30		1075.29		1087.72		2
		1759		31		1075.29		1100.98		2
		1760		32		1075.29		1100.51		2
		1761		1		1075.29		1813.13		66
		1762		2		1075.3		1381.49		40
		1763		3		1075.3		1298.99		17
		1764		4		1075.31		1100.82		5
		1765		5		1075.48		1102.21		3
		1766		6		1075.55		1127.63		8
		1767		7		1076		1127.67		9
		1768		8		1076		1126.9		7
		1769		9		1078.98		1102.51		1
		1770		10		1078.99		1100.3		5
		1771		11		1078.99		1127.01		4
		1772		12		1079.02		1100.24		5
		1773		13		1079.02		1128.15		6
		1774		14		1079.02		1100.71		4
		1775		15		1079.02		1100.71		3
		1776		16		1079.03		1184.74		11
		1777		17		1079.03		1168.37		11
		1778		18		1079.03		1090.08		1
		1779		19		1079.04		1090.09		1
		1780		20		1079.04		1122.69		4
		1781		21		1079.05		1141.41		3
		1782		22		1079.56		1193.12		1
		1783		23		1080.22		1090.47		1
		1784		24		1080.92		1094.14		2
		1785		25		1081.12		1092.12		1
		1786		26		1082.59		1117.63		3
		1787		27		1082.7		1093.92		1
		1788		28		1083.23		1094.68		1
		1789		29		1083.6		1094.82		1
		1790		30		1084.38		1103.81		2
		1791		31		1084.55		1097.01		1
		1792		32		1084.55		1096.05		1
		1793		1		1084.77		1133.1		4
		1794		2		1085.07		1258.94		7
		1795		3		1089.1		1124.89		1
		1796		4		1090.47		1105.44		2
		1797		5		1090.73		1101.8		1
		1798		6		1090.85		1134.36		3
		1799		7		1091.47		1116.33		1
		1800		8		1091.47		1222.05		5
		1801		9		1095.88		1111.97		2
		1802		10		1096.46		1119.87		3
		1803		11		1098.22		1109.98		1
		1804		12		1098.8		1109.25		1
		1805		13		1102.04		1143.44		4
		1806		14		1103.21		1117.82		1
		1807		15		1105.61		1120.78		1
		1808		16		1105.67		1120.27		1
		1809		17		1108.19		1122.8		1
		1810		18		1108.22		1152.32		5
		1811		19		1108.23		1119.45		1
		1812		20		1108.45		1168.9		8
		1813		21		1108.88		1119.88		1
		1814		22		1109.51		1142.29		3
		1815		23		1116.77		1127.29		1
		1816		24		1117.61		1132.42		2
		1817		25		1118.87		1129.87		1
		1818		26		1118.88		1130.35		1
		1819		27		1120		1131.34		1
		1820		28		1121.81		1132.27		1
		1821		29		1122.64		1142.24		2
		1822		30		1123.19		1133.3		1
		1823		31		1124.91		1136.65		1
		1824		32		1125.2		1150.06		1
		1825		1		1128.16		1312.04		10
		1826		2		1130.84		1218.93		2
		1827		3		1134.04		1145.08		1
		1828		4		1134.97		1149.14		1
		1829		5		1139.35		1189.06		6
		1830		6		1142.01		1152.12		1
		1831		7		1142.75		1224.56		15
		1832		8		1142.75		1188.95		14
		1833		9		1143.01		1200.15		8
		1834		10		1143.07		1189.15		4
		1835		11		1143.07		1187.37		10
		1836		12		1144.96		1190.68		9
		1837		13		1144.97		1200.78		8
		1838		14		1144.99		1182.41		3
		1839		15		1144.99		1185.16		6
		1840		16		1145.01		1185.18		8
		1841		17		1145.01		1274.28		2
		1842		18		1145.03		1185.59		4
		1843		19		1145.04		1185.18		4
		1844		20		1145.04		1187.57		6
		1845		21		1145.04		1157.7		1
		1846		22		1145.37		1181.07		3
		1847		23		1146.37		1160		1
		1848		24		1146.37		1197.74		8
		1849		25		1147.24		1158.04		1
		1850		26		1147.24		1158.84		1
		1851		27		1148.31		1271.86		1
		1852		28		1149.78		1170.5		3
		1853		29		1152.49		1196.92		7
		1854		30		1152.52		1184.16		3
		1855		31		1152.54		1183.05		3
		1856		32		1153.15		1171.63		2
		1857		1		1155.22		1952.73		6
		1858		2		1155.59		1218		6
		1859		3		1155.81		1186.66		3
		1860		4		1155.88		1223.84		8
		1861		5		1155.92		1171.81		5
		1862		6		1155.98		1229.7		10
		1863		7		1156.01		1223.79		13
		1864		8		1156.01		1187.75		7
		1865		9		1156.05		1187.19		6
		1866		10		1156.1		1183.83		3
		1867		11		1156.13		1189.32		8
		1868		12		1156.13		1200.88		11
		1869		13		1156.13		1185.14		8
		1870		14		1156.13		1168.16		2
		1871		15		1156.14		1168.98		2
		1872		16		1156.14		1168.62		2
		1873		17		1156.17		1184.98		2
		1874		18		1156.22		1168.84		2
		1875		19		1156.23		1198.89		7
		1876		20		1156.23		1168.67		2
		1877		21		1156.31		1552.62		10
		1878		22		1156.63		1184.42		2
		1879		23		1156.86		1200.46		5
		1880		24		1157.01		1180.58		3
		1881		25		1157.5		1168.91		1
		1882		26		1157.62		1168.36		1
		1883		27		1157.68		1168.46		1
		1884		28		1157.68		1168.74		1
		1885		29		1157.7		1186.89		1
		1886		30		1157.75		1179.63		1
		1887		31		1157.76		1209.56		1
		1888		32		1157.86		1169.08		1
		1889		1		1157.86		1860.34		15
		1890		2		1157.89		1376.71		16
		1891		3		1157.89		1233.98		3
		1892		4		1157.96		1198.31		2
		1893		5		1157.96		1253.23		14
		1894		6		1158.01		1221.81		14
		1895		7		1158.04		1189.13		14
		1896		8		1158.04		1275.48		2
		1897		9		1158.04		1187.07		6
		1898		10		1158.06		1187.45		5
		1899		11		1158.07		1189.41		5
		1900		12		1158.1		1200.59		7
		1901		13		1158.1		1185.31		6
		1902		14		1158.17		1200.88		4
		1903		15		1158.17		1168.95		1
		1904		16		1158.2		1182.17		6
		1905		17		1158.21		1197.43		3
		1906		18		1158.21		1184.88		2
		1907		19		1158.21		1169.27		1
		1908		20		1158.21		1168.89		1
		1909		21		1158.29		1229.68		6
		1910		22		1158.44		1199.53		8
		1911		23		1158.88		1179.9		2
		1912		24		1159.31		1176.11		2
		1913		25		1159.32		1170.54		1
		1914		26		1159.62		1170.62		1
		1915		27		1159.69		1170.91		1
		1916		28		1159.89		1184.92		3
		1917		29		1159.89		1185.92		3
		1918		30		1159.89		1170.89		1
		1919		31		1159.9		1170.58		1
		1920		32		1159.9		1170.9		1
		1921		1		1160.66		1221.87		3
		1922		2		1161.84		1184.44		3
		1923		3		1161.95		1243.74		3
		1924		4		1162.82		1285.03		13
		1925		5		1162.85		1228.28		10
		1926		6		1163.47		1188.83		4
		1927		7		1163.5		1175.26		1
		1928		8		1169.8		1184.21		3
		1929		9		1170.16		1200.24		2
		1930		10		1170.2		1199.39		1
		1931		11		1170.21		1184.82		1
		1932		12		1170.31		1185.25		5
		1933		13		1170.36		1183.03		3
		1934		14		1170.53		1403.75		2
		1935		15		1170.58		1181.62		1
		1936		16		1170.6		1222.4		1
		1937		17		1170.7		1398.53		7
		1938		18		1170.72		1200.97		6
		1939		19		1171.03		1190.68		2
		1940		20		1171.13		1201.28		2
		1941		21		1171.17		1182.17		1
		1942		22		1172.56		1184.61		1
		1943		23		1172.6		1190.56		1
		1944		24		1173.01		1183.47		1
		1945		25		1173.26		1202.45		1
		1946		26		1173.34		1183.65		1
		1947		27		1174.51		1185.51		1
		1948		28		1176.5		1187.97		1
		1949		29		1176.71		1187.71		1
		1950		30		1188.73		1200.13		1
		1951		31		1188.84		1205.82		2
		1952		32		1189.47		1200.69		1
		1953		1		1190.16		1201.5		1
		1954		2		1190.66		1301.95		8
		1955		3		1194.52		1205.38		1
		1956		4		1196.18		1213.16		2
		1957		5		1197.75		1212.35		1
		1958		6		1197.95		1213.96		1
		1959		7		1197.98		1208.03		1
		1960		8		1202.64		1218.65		1
		1961		9		1203.03		1221.55		4
		1962		10		1203.03		1214.38		1
		1963		11		1203.03		1237.13		4
		1964		12		1203.04		1221.62		3
		1965		13		1204.38		1215.38		1
		1966		14		1205.18		1216.41		1
		1967		15		1205.25		1230.04		3
		1968		16		1205.41		1221.66		3
		1969		17		1205.47		1219.22		2
		1970		18		1205.47		1218.71		2
		1971		19		1205.47		1219.12		2
		1972		20		1205.47		1219.52		2
		1973		21		1205.88		1227.76		1
		1974		22		1205.92		1240.86		3
		1975		23		1205.92		1220.19		2
		1976		24		1207.67		1217.86		1
		1977		25		1209.15		1271.86		6
		1978		26		1209.49		1219.68		1
		1979		27		1210.12		1221.12		1
		1980		28		1210.13		1237.39		3
		1981		29		1210.21		1221.68		1
		1982		30		1219.85		1233.85		1
		1983		31		1224.29		1238.54		2
		1984		32		1224.43		1237.17		1
		1985		1		1226.22		1852.72		2
		1986		2		1227.36		1331.28		9
		1987		3		1227.37		1257.28		3
		1988		4		1227.89		1242.38		3
		1989		5		1227.98		1242.26		2
		1990		6		1227.98		1251.51		1
		1991		7		1228.19		1253.24		2
		1992		8		1228.51		1239.85		1
		1993		9		1228.53		1242.56		2
		1994		10		1230.53		1248.89		2
		1995		11		1230.68		1247.38		2
		1996		12		1230.98		1241.82		1
		1997		13		1237.39		1248.35		1
		1998		14		1238.39		1253.56		1
		1999		15		1239.97		1291.76		1
		2000		16		1240.02		1259.67		1
		2001		17		1240.02		1291.81		1
		2002		18		1240.33		1262.21		1
		2003		19		1255.26		1272.36		2
		2004		20		1255.99		1271.16		1
		2005		21		1256.8		1271.97		1
		2006		22		1257.76		1279.21		1
		2007		23		1258.24		1300.99		6
		2008		24		1258.26		1303.2		4
		2009		25		1258.99		1271.65		2
		2010		26		1263.36		1274.36		1
		2011		27		1263.46		1273.82		1
		2012		28		1270.96		1286.32		2
		2013		29		1271.15		1282.89		1
		2014		30		1271.18		1293.06		1
		2015		31		1271.19		1283.06		1
		2016		32		1272.26		1293.38		2
		2017		1		1275.59		1302.14		2
		2018		2		1279.97		1312.37		1
		2019		3		1284.59		1297.33		1
		2020		4		1284.64		1300.64		1
		2021		5		1286.43		1298.48		1
		2022		6		1289.2		1299.85		1
		2023		7		1297.4		1308.4		1
		2024		8		1303.87		1315.32		1
		2025		9		1304.31		1326.19		1
		2026		10		1304.31		1315.81		1
		2027		11		1305.1		1316.6		1
		2028		12		1310.77		1327.9		2
		2029		13		1318.98		1329.34		1
		2030		14		1319.22		1334.57		1
		2031		15		1319.24		1362.68		6
		2032		16		1324.67		1335.67		1
		2033		17		1326.81		1376.17		6
		2034		18		1330.25		1369.64		4
		2035		19		1335.17		1353.13		1
		2036		20		1336.02		1370.32		7
		2037		21		1336.02		1377.56		12
		2038		22		1336.79		1371.35		12
		2039		23		1336.81		1347.23		1
		2040		24		1338.2		1352.05		1
		2041		25		1339.52		1392.8		2
		2042		26		1340.13		1376.93		8
		2043		27		1340.24		1372.29		5
		2044		28		1340.25		1385.6		5
		2045		29		1340.25		1366.81		7
		2046		30		1340.26		1366.95		7
		2047		31		1340.26		1379.49		6
		2048		32		1340.32		1374.9		3
		2049		1		1340.32		1810.89		32
		2050		2		1340.43		1351.05		1
		2051		3		1342		1376.44		3
		2052		4		1342.07		1376.49		7
		2053		5		1342.09		1355.92		2
		2054		6		1342.77		1394.65		3
		2055		7		1343.19		1374.89		6
		2056		8		1343.19		1357.04		1
		2057		9		1345.3		1367.14		3
		2058		10		1348.57		1371		2
		2059		11		1348.68		1358.79		1
		2060		12		1348.7		1374.3		3
		2061		13		1348.72		1587.62		3
		2062		14		1348.73		1358.89		1
		2063		15		1348.73		1366.46		3
		2064		16		1349.07		1379.51		6
		2065		17		1349.12		1366.45		3
		2066		18		1349.14		1363.24		2
		2067		19		1349.14		1374.25		2
		2068		20		1349.29		1374.62		2
		2069		21		1349.35		1376.14		3
		2070		22		1349.37		1570.45		3
		2071		23		1350.21		1403.15		2
		2072		24		1350.46		1362.92		1
		2073		25		1350.96		1365.35		2
		2074		26		1353.34		1378.19		1
		2075		27		1353.34		1365.45		1
		2076		28		1353.37		1367.02		3
		2077		29		1353.38		1366.72		2
		2078		30		1353.39		1366.95		2
		2079		31		1353.39		1366.99		2
		2080		32		1353.39		1367.46		2
		2081		1		1353.39		1856.64		14
		2082		2		1353.39		1378.59		6
		2083		3		1353.4		1374.15		7
		2084		4		1353.4		1379.51		3
		2085		5		1353.4		1373.48		5
		2086		6		1353.4		1374.16		5
		2087		7		1353.46		1363.98		1
		2088		8		1354.61		1365.52		1
		2089		9		1354.61		1383.8		1
		2090		10		1354.62		1365.06		1
		2091		11		1354.62		1368.41		2
		2092		12		1354.64		1511.33		7
		2093		13		1354.67		1370.67		1
		2094		14		1354.67		1365.89		1
		2095		15		1354.67		1366.41		1
		2096		16		1354.68		1366.18		1
		2097		17		1354.68		1366.41		2
		2098		18		1357.54		1368.02		1
		2099		19		1357.94		1368.2		1
		2100		20		1357.94		1368.59		1
		2101		21		1357.99		1371.04		2
		2102		22		1358		1370.8		2
		2103		23		1358		1371.05		2
		2104		24		1358		1381.52		1
		2105		25		1358.01		1393.5		3
		2106		26		1358.16		1369.03		1
		2107		27		1361.14		1382.94		3
		2108		28		1369.26		1380.06		1
		2109		29		1374.44		1386.9		1
		2110		30		1375.55		1388.49		2
		2111		31		1377.17		1387.64		1
		2112		32		1381.19		1392.19		1
		2113		1		1381.74		1419.09		2
		2114		2		1383.44		1394.45		1
		2115		3		1384.87		1813.36		116
		2116		4		1385.94		1397.44		1
		2117		5		1386.64		1633.38		39
		2118		6		1388.18		1398.44		1
		2119		7		1391.33		1401.49		1
		2120		8		1396.5		1423.85		3
		2121		9		1396.58		1408.01		1
		2122		10		1396.87		1407.67		1
		2123		11		1396.93		1407.34		1
		2124		12		1397.24		1407.76		1
		2125		13		1397.26		1492.29		21
		2126		14		1397.35		1478.71		33
		2127		15		1397.54		1495.45		15
		2128		16		1397.54		1483.92		29
		2129		17		1397.56		1491.57		16
		2130		18		1397.58		1459.72		17
		2131		19		1397.87		1459.91		6
		2132		20		1397.87		1493.69		13
		2133		21		1407.57		1449.79		7
		2134		22		1407.58		1451.47		6
		2135		23		1407.62		1447.76		4
		2136		24		1409.14		1442.15		2
		2137		25		1409.19		1426.06		2
		2138		26		1409.81		1429.46		1
		2139		27		1409.81		1439.04		6
		2140		28		1409.81		1439.09		7
		2141		29		1409.81		1438.98		5
		2142		30		1409.84		1429.54		5
		2143		31		1409.84		1440.15		3
		2144		32		1409.86		1426.77		3
		2145		1		1409.86		1820.68		23
		2146		2		1411.32		1492.86		14
		2147		3		1411.32		1425.93		2
		2148		4		1411.34		1422.15		1
		2149		5		1411.36		1426.88		1
		2150		6		1411.51		1589.01		23
		2151		7		1414.09		1606.11		23
		2152		8		1414.09		1580.83		29
		2153		9		1414.88		1595.66		24
		2154		10		1414.93		1586.33		27
		2155		11		1414.93		1430.28		1
		2156		12		1414.93		1426.16		1
		2157		13		1414.94		1495.49		14
		2158		14		1415.63		1491.89		14
		2159		15		1415.78		1488.66		8
		2160		16		1415.8		1454.26		7
		2161		17		1415.8		1455.39		9
		2162		18		1415.85		1459.88		10
		2163		19		1415.85		1448.95		7
		2164		20		1415.85		1479.99		14
		2165		21		1415.85		1460.24		11
		2166		22		1415.89		1478.93		12
		2167		23		1415.91		1450.99		8
		2168		24		1415.91		1450.33		7
		2169		25		1415.96		1448.3		5
		2170		26		1416.17		1507.19		5
		2171		27		1416.31		1524.82		5
		2172		28		1416.46		1439.28		3
		2173		29		1416.47		1439.3		3
		2174		30		1416.48		1430.01		2
		2175		31		1416.49		1429.45		2
		2176		32		1416.49		1427.49		1
		2177		1		1416.49		1856.82		30
		2178		2		1416.51		1828.34		20
		2179		3		1416.52		1811.54		83
		2180		4		1416.63		1812.22		111
		2181		5		1416.63		1587.92		13
		2182		6		1416.63		1604.65		12
		2183		7		1416.63		1525.14		22
		2184		8		1416.63		1493.14		25
		2185		9		1416.63		1493.41		14
		2186		10		1416.65		1528.2		33
		2187		11		1416.66		1427.57		1
		2188		12		1416.66		1490.94		15
		2189		13		1416.66		1500.61		9
		2190		14		1416.66		1491.24		12
		2191		15		1416.66		1495.58		14
		2192		16		1416.69		1427.69		1
		2193		17		1416.8		1487.64		14
		2194		18		1416.8		1460.35		5
		2195		19		1416.8		1460.24		12
		2196		20		1416.8		1490.11		14
		2197		21		1416.8		1505.83		15
		2198		22		1416.81		1495.22		6
		2199		23		1416.83		1461.36		4
		2200		24		1416.83		1484.56		5
		2201		25		1416.83		1446.25		4
		2202		26		1416.84		1538.49		3
		2203		27		1416.84		1428.29		1
		2204		28		1416.84		1439.11		3
		2205		29		1416.85		1451.83		3
		2206		30		1416.85		1429.53		2
		2207		31		1418.26		1477.77		2
		2208		32		1418.6		1508.83		4
		2209		1		1418.6		1867.73		9
		2210		2		1418.77		1835.39		27
		2211		3		1420.25		1442.82		2
		2212		4		1421.5		1432.72		1
		2213		5		1421.86		1463.43		4
		2214		6		1422.42		1433.42		1
		2215		7		1426.08		1437.02		1
		2216		8		1426.26		1487.81		4
		2217		9		1427.6		1441.32		1
		2218		10		1427.94		1438.37		1
		2219		11		1428.1		1590.7		16
		2220		12		1428.24		1440.35		1
		2221		13		1429.01		1439.48		1
		2222		14		1429.12		1439.54		1
		2223		15		1429.46		1683.25		10
		2224		16		1429.7		1451.03		2
		2225		17		1430.1		1451.07		4
		2226		18		1430.16		1475.97		5
		2227		19		1430.18		1452.01		2
		2228		20		1430.58		1443.62		2
		2229		21		1430.73		1441.09		1
		2230		22		1432.26		1545.39		12
		2231		23		1432.96		1556.49		1
		2232		24		1433.31		1445.47		1
		2233		25		1433.61		1445.06		1
		2234		26		1433.9		1458.75		1
		2235		27		1434.44		1445.27		1
		2236		28		1434.73		1476.58		6
		2237		29		1437.86		1448.02		1
		2238		30		1438.36		1477.64		3
		2239		31		1438.48		1601.92		11
		2240		32		1438.5		1479.13		4
		2241		1		1438.77		1836.45		7
		2242		2		1438.83		1871.76		2
		2243		3		1438.99		1449.15		1
		2244		4		1441.71		1873.3		18
		2245		5		1443.9		1465.03		2
		2246		6		1444.14		1586.29		22
		2247		7		1446.28		1595.49		22
		2248		8		1448.95		1459.31		1
		2249		9		1450.56		1460.84		1
		2250		10		1456.88		1469.55		2
		2251		11		1456.93		1477.1		2
		2252		12		1458.09		1492.52		4
		2253		13		1458.09		1487.46		3
		2254		14		1458.1		1499.39		5
		2255		15		1458.12		1492.96		2
		2256		16		1458.39		1488.71		5
		2257		17		1458.9		1491.19		3
		2258		18		1459.99		1483.41		2
		2259		19		1460.1		1590.87		4
		2260		20		1460.26		1479.12		2
		2261		21		1460.73		1480.6		4
		2262		22		1462.34		1483.02		3
		2263		23		1462.6		1477.01		2
		2264		24		1462.64		1493.17		3
		2265		25		1462.74		1478.99		4
		2266		26		1462.81		1491.1		4
		2267		27		1462.81		1486.34		1
		2268		28		1462.96		1489.79		3
		2269		29		1462.96		1478.65		4
		2270		30		1464.47		1478.82		1
		2271		31		1466.44		1476.55		1
		2272		32		1467.35		1477.71		1
		2273		1		1467.42		1848.75		13
		2274		2		1467.42		1838.44		86
		2275		3		1467.44		1824.94		56
		2276		4		1467.46		1812.58		97
		2277		5		1467.47		1636.75		61
		2278		6		1467.47		1523.91		17
		2279		7		1467.48		1589.18		27
		2280		8		1467.52		1492.56		7
		2281		9		1467.52		1524.11		9
		2282		10		1467.53		1492.26		2
		2283		11		1467.53		1491.53		3
		2284		12		1467.58		1491.65		3
		2285		13		1467.59		1496.86		1
		2286		14		1467.59		1480.02		1
		2287		15		1467.61		1478.77		1
		2288		16		1467.65		1479.14		2
		2289		17		1467.68		1480.87		1
		2290		18		1467.71		1478.71		1
		2291		19		1467.75		1478.75		1
		2292		20		1467.75		1478.72		1
		2293		21		1467.78		1479.41		2
		2294		22		1467.78		1478.65		1
		2295		23		1467.82		1480.11		2
		2296		24		1467.82		1478.87		1
		2297		25		1467.83		1478.57		1
		2298		26		1467.83		1481.45		2
		2299		27		1467.84		1478.62		1
		2300		28		1467.84		1491.37		1
		2301		29		1467.85		1478.62		1
		2302		30		1467.86		1478.17		1
		2303		31		1467.86		1478.64		1
		2304		32		1467.86		1479.73		1
		2305		1		1467.86		1486.75		2
		2306		2		1467.9		1837.98		61
		2307		3		1467.91		1830.37		71
		2308		4		1467.93		1692.38		38
		2309		5		1467.93		1633.76		17
		2310		6		1467.93		1587.65		9
		2311		7		1467.94		1522.18		12
		2312		8		1467.94		1479.55		1
		2313		9		1468.04		1666.92		17
		2314		10		1468.04		1545.45		19
		2315		11		1468.06		1479.06		1
		2316		12		1468.07		1490.86		3
		2317		13		1468.07		1479.24		1
		2318		14		1468.07		1487.7		2
		2319		15		1468.08		1488.95		2
		2320		16		1468.09		1478.38		1
		2321		17		1468.1		1480.3		1
		2322		18		1468.13		1480.87		1
		2323		19		1468.14		1489.5		2
		2324		20		1468.3		1479.57		1
		2325		21		1468.3		1478.98		1
		2326		22		1468.31		1479.05		1
		2327		23		1468.31		1491.84		1
		2328		24		1468.34		1479.82		1
		2329		25		1468.36		1478.47		1
		2330		26		1468.36		1479.36		1
		2331		27		1468.37		1479.15		1
		2332		28		1468.37		1491.9		1
		2333		29		1468.42		1479.1		1
		2334		30		1468.44		1493.3		1
		2335		31		1468.45		1491.98		1
		2336		32		1468.48		1479.34		1
		2337		1		1468.51		1830.49		9
		2338		2		1468.52		1485.35		1
		2339		3		1468.54		1832.03		37
		2340		4		1468.54		1633.54		30
		2341		5		1468.56		1589.88		26
		2342		6		1468.62		1524.11		9
		2343		7		1468.64		1607.53		19
		2344		8		1468.64		1595.41		21
		2345		9		1468.69		1493.22		4
		2346		10		1468.69		1490.87		3
		2347		11		1468.74		1491.16		3
		2348		12		1468.77		1491.79		3
		2349		13		1468.82		1521.9		10
		2350		14		1468.82		1486.67		2
		2351		15		1468.84		1480.11		1
		2352		16		1468.84		1479.3		1
		2353		17		1468.85		1480.03		1
		2354		18		1468.85		1479.72		1
		2355		19		1468.9		1479.64		1
		2356		20		1469.09		1601.9		10
		2357		21		1469.16		1664.94		11
		2358		22		1469.16		1480.16		1
		2359		23		1469.19		1480.19		1
		2360		24		1469.22		1480.32		1
		2361		25		1469.34		1495.13		3
		2362		26		1469.34		1480.87		1
		2363		27		1469.34		1480.21		1
		2364		28		1469.35		1480.21		1
		2365		29		1469.36		1480.41		1
		2366		30		1469.36		1480.41		1
		2367		31		1469.4		1498.59		1
		2368		32		1469.4		1480.4		1
		2369		1		1469.4		1815.98		30
		2370		2		1469.43		1826.28		62
		2371		3		1469.57		1813.02		54
		2372		4		1469.6		1812.81		90
		2373		5		1469.6		1588.53		17
		2374		6		1469.62		1524.12		22
		2375		7		1469.7		1678.46		40
		2376		8		1469.79		1493.22		6
		2377		9		1469.94		1491.86		3
		2378		10		1469.94		1491.06		2
		2379		11		1469.94		1551.83		9
		2380		12		1469.97		1480.97		1
		2381		13		1469.97		1488.95		3
		2382		14		1470.11		1481.42		1
		2383		15		1470.11		1481.33		1
		2384		16		1470.14		1481.14		1
		2385		17		1470.14		1483.41		1
		2386		18		1470.16		1481.21		1
		2387		19		1470.17		1481.03		1
		2388		20		1470.67		1482.32		1
		2389		21		1470.73		1482.89		1
		2390		22		1471		1492.88		1
		2391		23		1471.32		1483.43		1
		2392		24		1471.75		1484.05		1
		2393		25		1471.78		1481.94		1
		2394		26		1472.12		1500.47		2
		2395		27		1472.98		1483.59		1
		2396		28		1473.09		1484.09		1
		2397		29		1473.61		1484.08		1
		2398		30		1474.14		1486.25		1
		2399		31		1474.16		1484.97		1
		2400		32		1474.38		1485.83		1
		2401		1		1474.98		1821.96		22
		2402		2		1475.16		1559.57		9
		2403		3		1476.21		1486.77		1
		2404		4		1478.64		1542.79		6
		2405		5		1481.66		1503.24		2
		2406		6		1486.95		1856.07		7
		2407		7		1490.45		1501.16		1
		2408		8		1491.49		1521.73		4
		2409		9		1493.86		1504.77		1
		2410		10		1496.47		1506.91		1
		2411		11		1498		1519.33		3
		2412		12		1498.92		1862.46		9
		2413		13		1499.44		1509.55		1
		2414		14		1499.62		1511.73		1
		2415		15		1499.74		1512.06		1
		2416		16		1500.3		1631.7		5
		2417		17		1500.34		1528.75		2
		2418		18		1500.4		1522.09		7
		2419		19		1500.4		1528.89		2
		2420		20		1500.8		1511.27		1
		2421		21		1500.8		1521.68		4
		2422		22		1500.88		1511.88		1
		2423		23		1500.88		1543.47		4
		2424		24		1501.29		1522.08		3
		2425		25		1501.47		1521.81		3
		2426		26		1501.79		1538.81		7
		2427		27		1501.93		1513.27		1
		2428		28		1502.22		1513.22		1
		2429		29		1502.51		1518.51		1
		2430		30		1502.64		1522.03		3
		2431		31		1502.64		1521.85		3
		2432		32		1502.66		1522.35		3
		2433		1		1502.68		1854.48		22
		2434		2		1502.68		1823.61		53
		2435		3		1502.68		1818.36		32
		2436		4		1502.72		1522.72		3
		2437		5		1502.79		1589.2		20
		2438		6		1502.79		1589.59		22
		2439		7		1505.94		1522.76		1
		2440		8		1507.98		1547.44		4
		2441		9		1512		1522.87		1
		2442		10		1512.05		1522.79		1
		2443		11		1512.05		1522.73		1
		2444		12		1512.15		1523.2		1
		2445		13		1512.17		1523.22		1
		2446		14		1512.21		1522.98		1
		2447		15		1512.21		1523.26		1
		2448		16		1513.36		1524.13		1
		2449		17		1513.37		1524.05		1
		2450		18		1513.59		1524.36		1
		2451		19		1513.59		1541.45		4
		2452		20		1513.61		1524.38		1
		2453		21		1513.61		1524.35		1
		2454		22		1514.13		1526.81		2
		2455		23		1514.24		1540.27		3
		2456		24		1515.44		1529.35		3
		2457		25		1516.49		1526.78		1
		2458		26		1516.62		1526.91		1
		2459		27		1516.85		1632.84		3
		2460		28		1517.08		1551.88		2
		2461		29		1518.19		1529.19		1
		2462		30		1518.46		1528.91		1
		2463		31		1519.1		1529.55		1
		2464		32		1520.81		1532.87		2
		2465		1		1520.9		1913.19		7
		2466		2		1522.33		1534.2		1
		2467		3		1527.9		1831.1		39
		2468		4		1528.83		1540.5		1
		2469		5		1532.36		1588.05		8
		2470		6		1532.5		1543.84		1
		2471		7		1532.53		1588.04		11
		2472		8		1532.55		1574.23		5
		2473		9		1532.61		1574.11		6
		2474		10		1532.7		1571.11		4
		2475		11		1532.7		1567.78		4
		2476		12		1532.75		1543.97		1
		2477		13		1532.9		1569.15		3
		2478		14		1532.92		1569.29		3
		2479		15		1533.06		1544.56		1
		2480		16		1533.07		1571.26		4
		2481		17		1533.24		1558.77		2
		2482		18		1533.36		1571.4		4
		2483		19		1533.37		1556.9		1
		2484		20		1533.46		1548.37		2
		2485		21		1533.47		1544.21		1
		2486		22		1533.47		1544.34		1
		2487		23		1533.56		1544.34		1
		2488		24		1534.24		1549.41		1
		2489		25		1534.92		1545.92		1
		2490		26		1534.92		1546.39		1
		2491		27		1535.11		1550.28		1
		2492		28		1535.27		1546.05		1
		2493		29		1535.38		1554.76		2
		2494		30		1537.44		1548.17		1
		2495		31		1538.14		1665.96		7
		2496		32		1538.94		1549.19		1
		2497		1		1538.96		1835.84		12
		2498		2		1545.68		1605.09		3
		2499		3		1546.71		1557.51		1
		2500		4		1547.77		1557.84		1
		2501		5		1548.29		1559.72		1
		2502		6		1552.19		1563.19		1
		2503		7		1553.73		1584.9		3
		2504		8		1554.4		1564.84		1
		2505		9		1556.61		1576.16		2
		2506		10		1556.61		1575.96		2
		2507		11		1557.54		1569.04		1
		2508		12		1558.05		1576.35		2
		2509		13		1558.07		1579.95		1
		2510		14		1558.14		1580.02		1
		2511		15		1561.19		1814.01		5
		2512		16		1561.21		1674.75		1
		2513		17		1561.23		1583.7		4
		2514		18		1561.29		1580.71		2
		2515		19		1562.21		1687.79		2
		2516		20		1563.61		1599.02		6
		2517		21		1564.45		1602.94		7
		2518		22		1565.54		1576.39		1
		2519		23		1566.02		1594.12		2
		2520		24		1566.34		1591.2		1
		2521		25		1566.66		1581.01		1
		2522		26		1566.9		1599.31		2
		2523		27		1567.04		1596.05		2
		2524		28		1567.04		1604.36		6
		2525		29		1567.27		1577.79		1
		2526		30		1567.48		1578.71		1
		2527		31		1568.58		1590.59		2
		2528		32		1568.68		1581.14		1
		2529		1		1573.79		1808.84		6
		2530		2		1574.77		1836.52		7
		2531		3		1575.99		1855.15		16
		2532		4		1576.1		1697.35		9
		2533		5		1576.1		1588.6		2
		2534		6		1577.55		1588.55		1
		2535		7		1579.8		1674.34		15
		2536		8		1579.85		1636.38		7
		2537		9		1579.85		1590.53		1
		2538		10		1581.18		1634.47		4
		2539		11		1584.49		1595.05		1
		2540		12		1585.63		1596.63		1
		2541		13		1589.98		1600.44		1
		2542		14		1591.5		1606.67		1
		2543		15		1591.8		1629.43		5
		2544		16		1593.88		1635.66		7
		2545		17		1598.2		1665.14		10
		2546		18		1600.8		1633.7		6
		2547		19		1600.85		1633.41		4
		2548		20		1600.85		1633.41		6
		2549		21		1600.92		1635.82		5
		2550		22		1606.45		1625.15		2
		2551		23		1608.07		1647.81		1
		2552		24		1608.79		1633.45		7
		2553		25		1608.84		1633.95		3
		2554		26		1608.84		1630.3		3
		2555		27		1608.85		1663.76		7
		2556		28		1610.64		1667.89		5
		2557		29		1610.82		1663.76		5
		2558		30		1610.97		1633.77		5
		2559		31		1611		1634.07		4
		2560		32		1611		1621.74		1
		2561		1		1611.01		1814.81		5
		2562		2		1611.03		1814.29		16
		2563		3		1611.06		1812.06		25
		2564		4		1611.06		1688.71		10
		2565		5		1611.12		1688.82		18
		2566		6		1611.38		1633.57		5
		2567		7		1611.5		1668.18		5
		2568		8		1611.62		1711.96		11
		2569		9		1611.64		1635.17		1
		2570		10		1611.66		1633.19		2
		2571		11		1611.66		1698.36		10
		2572		12		1611.74		1632.64		2
		2573		13		1611.79		1665.65		3
		2574		14		1611.83		1635.36		1
		2575		15		1611.92		1635.44		1
		2576		16		1611.93		1628.64		2
		2577		17		1611.94		1633.4		1
		2578		18		1611.95		1631.8		3
		2579		19		1611.95		1635.48		1
		2580		20		1612.12		1632.66		2
		2581		21		1612.12		1668.62		6
		2582		22		1612.28		1664.07		1
		2583		23		1612.35		1633.84		2
		2584		24		1612.98		1658.43		4
		2585		25		1613.4		1665.61		3
		2586		26		1615.35		1633.31		1
		2587		27		1616.35		1631.52		1
		2588		28		1617.09		1692.19		6
		2589		29		1617.43		1661.02		7
		2590		30		1617.48		1632.99		1
		2591		31		1617.56		1671.74		2
		2592		32		1617.97		1629.38		1
		2593		1		1618.45		1924.54		1
		2594		2		1619.64		1673.27		2
		2595		3		1619.67		1835.41		6
		2596		4		1620.28		1668.87		6
		2597		5		1620.38		1639.1		1
		2598		6		1621.87		1632.39		1
		2599		7		1621.92		1632.92		1
		2600		8		1621.93		1632.19		1
		2601		9		1622.01		1632.27		1
		2602		10		1622.1		1686.53		6
		2603		11		1623.36		1633.43		1
		2604		12		1624.47		1680.42		5
		2605		13		1624.52		1636.39		1
		2606		14		1625.21		1635.89		1
		2607		15		1625.35		1636.09		1
		2608		16		1635.05		1667.69		3
		2609		17		1638.28		1649.5		1
		2610		18		1638.51		1669.36		2
		2611		19		1638.56		1763.84		3
		2612		20		1638.56		1669.43		7
		2613		21		1638.97		1662.64		6
		2614		22		1639.07		1651.61		2
		2615		23		1639.07		1663.38		4
		2616		24		1639.13		1651.69		2
		2617		25		1639.13		1690.92		1
		2618		26		1639.13		1651.7		2
		2619		27		1639.13		1662.66		1
		2620		28		1639.13		1662.13		4
		2621		29		1639.21		1651.29		2
		2622		30		1639.21		1651.83		2
		2623		31		1639.21		1649.47		1
		2624		32		1639.3		1662.83		1
		2625		1		1639.32		1812.8		7
		2626		2		1639.34		1833.57		29
		2627		3		1639.34		1694.2		4
		2628		4		1639.36		1688.73		4
		2629		5		1639.37		1677.63		17
		2630		6		1639.37		1698.06		11
		2631		7		1639.45		1678.95		11
		2632		8		1639.46		1674.79		6
		2633		9		1639.46		1675.22		11
		2634		10		1639.51		1728.69		5
		2635		11		1639.51		1672.22		3
		2636		12		1639.51		1651.67		1
		2637		13		1639.53		1664.23		2
		2638		14		1639.54		1665.09		3
		2639		15		1639.56		1664.71		7
		2640		16		1639.73		1887.61		3
		2641		17		1639.8		1651.67		1
		2642		18		1639.94		1651.44		1
		2643		19		1639.95		1659.6		1
		2644		20		1639.97		1664.04		5
		2645		21		1639.97		1662.65		4
		2646		22		1640.02		1651.76		1
		2647		23		1640.02		1756.42		2
		2648		24		1640.12		1651.86		1
		2649		25		1640.13		1652.28		1
		2650		26		1640.46		1651.32		1
		2651		27		1640.46		1661.55		4
		2652		28		1640.51		1651.73		1
		2653		29		1640.58		1652.05		1
		2654		30		1640.62		1651.49		1
		2655		31		1640.64		1651.64		1
		2656		32		1640.65		1650.96		1
		2657		1		1641.02		1838.01		5
		2658		2		1641.57		1669.7		2
		2659		3		1641.79		1653.76		1
		2660		4		1641.84		1653.02		1
		2661		5		1641.92		1652.14		1
		2662		6		1642.04		1679.43		6
		2663		7		1642.04		1712.72		6
		2664		8		1643.14		1663.4		2
		2665		9		1643.14		1681.14		4
		2666		10		1643.28		1664.74		1
		2667		11		1644.24		1656.98		1
		2668		12		1645.03		1876.52		3
		2669		13		1647.85		1658.31		1
		2670		14		1654.23		1665.23		1
		2671		15		1654.56		1676.98		2
		2672		16		1656.61		1666.77		1
		2673		17		1658.7		1668.75		1
		2674		18		1659.53		1676.27		2
		2675		19		1663.88		1679.76		2
		2676		20		1665.49		1685.14		1
		2677		21		1665.53		1680.39		2
		2678		22		1667.27		1678.77		1
		2679		23		1667.3		1678.8		1
		2680		24		1668.02		1678.63		1
		2681		25		1673.09		1684.09		1
		2682		26		1678.5		1815.55		25
		2683		27		1679.13		1689.65		1
		2684		28		1682.38		1727.14		3
		2685		29		1682.69		1693.6		1
		2686		30		1683.01		1700.97		1
		2687		31		1683.45		1694.25		1
		2688		32		1687.28		1697.64		1
		2689		1		1687.99		1698.68		1
		2690		2		1688.62		1821.67		18
		2691		3		1692.72		1904.93		8
		2692		4		1697.03		1810.88		35
		2693		5		1697.03		1708.38		1
		2694		6		1697.03		1826.68		29
		2695		7		1698.79		1818.72		29
		2696		8		1699.45		1755.7		18
		2697		9		1700.01		1811.22		27
		2698		10		1701.18		1716.69		1
		2699		11		1701.2		1732.78		3
		2700		12		1701.86		1715.85		2
		2701		13		1701.86		1713.32		2
		2702		14		1701.94		1714.09		2
		2703		15		1701.96		1713.55		2
		2704		16		1701.96		1728.83		3
		2705		17		1701.96		1730.56		2
		2706		18		1701.96		1713.42		2
		2707		19		1701.99		1713.04		1
		2708		20		1701.99		1728.02		3
		2709		21		1702.02		1713.02		1
		2710		22		1702.02		1713.07		1
		2711		23		1702.05		1713.05		1
		2712		24		1702.05		1728.11		3
		2713		25		1702.16		1713.21		1
		2714		26		1702.16		1712.27		1
		2715		27		1702.21		1713.95		1
		2716		28		1702.21		1713.68		1
		2717		29		1702.24		1713.71		1
		2718		30		1702.24		1712.92		1
		2719		31		1702.25		1712.93		1
		2720		32		1702.25		1713.3		1
		2721		1		1702.29		1817.64		3
		2722		2		1702.32		1823		13
		2723		3		1702.33		1816.89		11
		2724		4		1702.43		1722.08		1
		2725		5		1702.46		1715.27		2
		2726		6		1702.46		1820.53		22
		2727		7		1702.53		1735.73		3
		2728		8		1702.53		1756.23		14
		2729		9		1702.53		1715.79		2
		2730		10		1702.53		1715.76		2
		2731		11		1702.56		1715.99		2
		2732		12		1702.56		1713.61		1
		2733		13		1702.59		1714.46		1
		2734		14		1702.6		1713.28		1
		2735		15		1702.6		1715.26		2
		2736		16		1702.65		1714.1		1
		2737		17		1702.65		1714.12		1
		2738		18		1702.69		1729.76		3
		2739		19		1702.76		1816.3		1
		2740		20		1702.85		1808.21		3
		2741		21		1702.86		1714.08		1
		2742		22		1702.86		1713.86		1
		2743		23		1702.92		1713.7		1
		2744		24		1702.92		1713.6		1
		2745		25		1703.12		1727.97		1
		2746		26		1703.14		1816.68		1
		2747		27		1703.17		1715.67		2
		2748		28		1703.29		1713.97		1
		2749		29		1703.42		1714.42		1
		2750		30		1704.06		1714.51		1
		2751		31		1704.64		1714.8		1
		2752		32		1706.99		1717.72		1
		2753		1		1709.99		1826.6		4
		2754		2		1712.79		1726.12		1
		2755		3		1714.96		1805.75		5
		2756		4		1717.63		1829.37		8
		2757		5		1718.35		1822.8		13
		2758		6		1718.41		1812.08		29
		2759		7		1718.41		1851.92		11
		2760		8		1719.32		1731.64		1
		2761		9		1719.33		1729.81		1
		2762		10		1719.36		1810.83		10
		2763		11		1719.36		1754.08		7
		2764		12		1719.37		1729.66		1
		2765		13		1719.37		1730.37		1
		2766		14		1719.47		1730.47		1
		2767		15		1719.47		1753.96		4
		2768		16		1719.5		1730.17		1
		2769		17		1719.5		1730.24		1
		2770		18		1719.5		1782.74		6
		2771		19		1720.1		1804.03		12
		2772		20		1723.59		1771.26		6
		2773		21		1723.73		1736.42		2
		2774		22		1724.68		1752.24		3
		2775		23		1732.89		1828.13		11
		2776		24		1733.68		1754.27		3
		2777		25		1733.7		1751.91		3
		2778		26		1733.7		1754.16		3
		2779		27		1734.71		1745.23		1
		2780		28		1736.48		1746.59		1
		2781		29		1737.24		1752.71		3
		2782		30		1737.3		1753.09		2
		2783		31		1737.34		1784.02		5
		2784		32		1737.34		1798.47		5
		2785		1		1742.49		1759.14		1
		2786		2		1742.95		1828.68		6
		2787		3		1743.22		1823.14		3
		2788		4		1743.41		1864.7		1
		2789		5		1743.8		1753.96		1
		2790		6		1743.87		1823.46		23
		2791		7		1743.87		1810.51		15
		2792		8		1743.87		1754.87		1
		2793		9		1744		1755		1
		2794		10		1744		1809.57		6
		2795		11		1744.08		1857.61		1
		2796		12		1744.96		1868.47		1
		2797		13		1747.3		1834.46		11
		2798		14		1748.65		1760.1		1
		2799		15		1750.17		1767.56		2
		2800		16		1750.17		1799.92		5
		2801		17		1751.86		1763.26		1
		2802		18		1752.28		1767.97		3
		2803		19		1754.62		1808.66		3
		2804		20		1756.24		1799.85		3
		2805		21		1756.28		1812.55		7
		2806		22		1756.45		1807.99		9
		2807		23		1756.45		1802.32		9
		2808		24		1757.42		1797.77		6
		2809		25		1757.92		1815.77		8
		2810		26		1758.24		1797.97		6
		2811		27		1758.3		1799.19		6
		2812		28		1758.3		1783.24		4
		2813		29		1758.37		1782.4		5
		2814		30		1758.39		1783.57		2
		2815		31		1758.39		1769.07		1
		2816		32		1758.4		1769.18		1
		2817		1		1758.4		1846.29		1
		2818		2		1758.41		1835.4		11
		2819		3		1758.45		1824.73		7
		2820		4		1758.45		1825.95		21
		2821		5		1758.46		1811.64		21
		2822		6		1758.46		1811.86		24
		2823		7		1758.52		1810.72		9
		2824		8		1758.66		1811.46		9
		2825		9		1758.66		1837.63		8
		2826		10		1758.94		1801.75		6
		2827		11		1758.96		1800.74		10
		2828		12		1759.11		1808.79		2
		2829		13		1759.11		1800.57		8
		2830		14		1759.16		1809.81		4
		2831		15		1759.16		1810.31		7
		2832		16		1759.19		1813.55		7
		2833		17		1760.02		1809.89		8
		2834		18		1760.46		1780.09		3
		2835		19		1760.63		1840.48		5
		2836		20		1761.41		1839.21		6
		2837		21		1761.63		1823.67		5
		2838		22		1761.87		1802.3		6
		2839		23		1761.93		1785.29		3
		2840		24		1762.12		1813.91		1
		2841		25		1762.79		1805.96		5
		2842		26		1762.96		1773.18		1
		2843		27		1763.21		1788.57		3
		2844		28		1763.29		1773.58		1
		2845		29		1763.34		1774.01		1
		2846		30		1763.42		1777.42		1
		2847		31		1763.88		1827.21		2
		2848		32		1763.96		1817.66		4
		2849		1		1764.16		1781.46		1
		2850		2		1765.05		1827		4
		2851		3		1765.05		1797.51		2
		2852		4		1765.74		1775.93		1
		2853		5		1767.08		1903.76		8
		2854		6		1768.24		1900.86		2
		2855		7		1768.63		1885.19		2
		2856		8		1771.25		1810.67		16
		2857		9		1771.26		1805.86		8
		2858		10		1771.3		1806.22		6
		2859		11		1771.32		1800.57		7
		2860		12		1771.49		1803.85		6
		2861		13		1771.49		1800.39		6
		2862		14		1771.86		1810.31		4
		2863		15		1771.86		1800.78		5
		2864		16		1771.87		1801.03		5
		2865		17		1771.98		1801.43		5
		2866		18		1772.04		1782.82		1
		2867		19		1772.04		1799.37		3
		2868		20		1772.06		1783.06		1
		2869		21		1772.06		1783.11		1
		2870		22		1772.08		1783.55		1
		2871		23		1772.09		1812.69		5
		2872		24		1772.34		1783.02		1
		2873		25		1772.52		1799.41		3
		2874		26		1772.82		1797.44		4
		2875		27		1773.23		1797.81		2
		2876		28		1773.26		1784.61		1
		2877		29		1773.29		1784.74		1
		2878		30		1773.35		1785.22		1
		2879		31		1773.51		1785.01		1
		2880		32		1773.51		1798.23		2
		2881		1		1773.65		1811.6		4
		2882		2		1773.74		1832.31		4
		2883		3		1773.8		1812.44		10
		2884		4		1773.8		1810.95		8
		2885		5		1773.81		1811.62		3
		2886		6		1773.88		1813.16		7
		2887		7		1774.04		1811.32		4
		2888		8		1774.08		1817.35		11
		2889		9		1774.16		1806		5
		2890		10		1774.22		1801.24		3
		2891		11		1774.65		1803.19		3
		2892		12		1774.87		1811.17		9
		2893		13		1774.92		1785.58		1
		2894		14		1775.23		1811.22		3
		2895		15		1775.34		1785.91		1
		2896		16		1775.45		1814.08		5
		2897		17		1775.45		1785.52		1
		2898		18		1775.49		1812.48		6
		2899		19		1777.49		1806.68		1
		2900		20		1779.11		1790.75		1
		2901		21		1779.36		1790.36		1
		2902		22		1781.49		1898.71		2
		2903		23		1783.08		1912.68		4
		2904		24		1783.28		1798.8		1
		2905		25		1783.3		1910.12		2
		2906		26		1783.3		1803.33		6
		2907		27		1783.31		1906.8		1
		2908		28		1783.46		1896.97		1
		2909		29		1786.6		1797.95		1
		2910		30		1787.23		1797.96		1
		2911		31		1788.39		1799.84		1
		2912		32		1788.39		1799.84		1
		2913		1		1788.52		1812.38		3
		2914		2		1788.81		1802.09		1
		2915		3		1788.82		1822.93		2
		2916		4		1788.9		1816.89		1
		2917		5		1789.01		1912.5		1
		2918		6		1789.12		1817.57		2
		2919		7		1789.32		1823.8		5
		2920		8		1789.32		1805.18		2
		2921		9		1789.35		1806.02		3
		2922		10		1789.35		1800.1		1
		2923		11		1789.41		1804.02		1
		2924		12		1789.48		1800.53		1
		2925		13		1790.29		1800.48		1
		2926		14		1790.44		1801.12		1
		2927		15		1790.44		1801.91		1
		2928		16		1790.47		1801.49		1
		2929		17		1790.49		1801.54		1
		2930		18		1790.49		1801.23		1
		2931		19		1790.61		1802.08		1
		2932		20		1790.62		1814.15		1
		2933		21		1790.66		1801.66		1
		2934		22		1790.66		1801.66		1
		2935		23		1790.67		1801.72		1
		2936		24		1790.67		1801.67		1
		2937		25		1790.7		1801.75		1
		2938		26		1790.73		1803.38		4
		2939		27		1790.77		1803.64		2
		2940		28		1790.9		1844.47		2
		2941		29		1791.25		1801.56		1
		2942		30		1791.33		1802.76		1
		2943		31		1791.74		1905.24		1
		2944		32		1791.86		1843.64		1
		2945		1		1791.89		1808.94		1
		2946		2		1792.24		1868.92		4
		2947		3		1792.37		1862.9		3
		2948		4		1792.63		1826.39		1
		2949		5		1792.79		1846.14		2
		2950		6		1792.82		1806.75		3
		2951		7		1792.87		1810.87		4
		2952		8		1794.63		1812.59		1
		2953		9		1801.55		1812.28		1
		2954		10		1801.76		1815.61		1
=========== CONTAINER OUTPUT ==========
Number of Containers Created: 2954
Number of Containers Destroyed: 2979
Number of Requests Served: 21842
Average Number of Vms under Load: 24.0
Total Number of Vms used: 32
Average CPU Utilization of Vms: 0.34704303297991046
Average Workload Usage: 0.0018759053597296107
Number of Cold Start Executions: 2954
